38617
38623
38618
38624
38620
38622
38625
38619
38621
39284
39285
39286
39287
39290
39288
39289
39291
39292
40090
40091
40092
40093
40094
40095
40096
40097
40098
41037
41033
41034
41036
41038
41035
41039
41040
38266
41045
41050
41044
41047
41043
41046
41042
41048
41049
41055
41056
41051
41052
41054
41053
41057
41058
41059
41062
41066
41068
41063
41065
41067
41061
41069
41064
41071
41076
41077
41070
41072
41073
41078
41075
41074
50015
50016
50017
50018
50019
50020
50021
50022
50023
51049
51050
51053
51051
51052
51054
51553
51554
51555
52409
52410
52411
52412
52413
52414
52415
52416
52417
53723
53726
53724
53725
53727
53728
53729
53730
53731
54910
54911
54912
54913
54914
54915
54916
55207
55208
56014
56015
56016
56017
56018
56019
56020
56021
56022
57464
57465
57466
57467
57468
57469
57470
57471
57472
58097
58098
58099
58101
58100
58102
58103
58104
58105
59652
59653
59654
59655
59656
59657
59658
59659
59660
69135
69136
69137
69138
69139
69140
69141
69142
69143
70364
70365
70366
70368
70372
70367
70369
70370
70371
71361
71362
71363
71364
71365
71366
71367
71368
71369
72875
72876
72877
72878
72880
72879
72881
72882
72883
73870
73871
73872
73873
73874
73875
73876
73877
73878
75138
75139
75140
75141
75143
75142
75144
75145
75146
76375
76376
76377
76378
76379
76380
76381
76383
76382
77992
77993
77994
77995
77997
77996
77998
77999
78000
79079
79080
79081
79083
79082
79084
79085
79086
79087
80611
80612
80613
80614
80615
80616
80617
80618
80619
81869
81870
81871
81873
81872
81874
81875
81876
81877
83406
83407
83408
83409
83410
83411
83412
83413
83414
86005
86006
86007
86010
86008
86009
86011
86012
86013
87460
87461
87462
87463
87464
87465
87466
87467
87468
89465
89466
89473
89467
89468
89469
89470
89471
89472
91463
91464
91465
91466
91467
91468
91469
91470
91471
92516
92517
92518
92519
92521
92520
92522
92523
92524
