102068
102070
102074
102072
102076
102075
102071
102073
102077
102086
102078
102082
102079
102084
102085
102080
102083
102081
102087
102090
102091
102094
102093
102092
102088
102089
102095
102104
102096
102100
102097
102103
102098
102101
102102
102099
102105
102108
102109
102107
102111
102112
102113
102110
102106
102122
102118
102115
102117
102121
102116
102119
102114
102120
102123
102127
102125
102129
102124
102131
102128
102126
102130
102140
102132
102133
102138
102137
102139
102134
102136
102135
102141
102144
102143
102145
102147
102149
102146
102148
102142
102151
102153
102155
102152
102158
102150
102154
102156
102157
102161
102163
102166
102162
102160
102167
102164
102159
102165
102176
102168
102171
102172
102169
102173
102170
102174
102175
102177
102181
102184
102180
102178
102185
102182
102183
102179
102186
102189
102190
102188
102187
102191
102193
102194
102192
102195
102199
102196
102201
102203
102197
102200
102202
102198
102212
102207
102208
102210
102209
102205
102211
102204
102206
102213
102214
102219
102220
102216
102221
102215
102217
102218
102252
102246
102254
102249
102247
102255
102248
102250
102251
102265
102261
102260
102262
102258
102263
102266
102259
102264
102282
102281
102280
102283
102278
102276
102279
102277
102284
102291
102287
102290
102292
102293
102288
102289
102286
102285
102298
102297
102296
102294
102302
102295
102300
102301
102299
102312
102316
102305
102310
102313
102306
102308
102315
102309
102318
102322
102325
102321
102323
102320
102324
102319
102317
102331
102333
102332
102329
102335
102327
102330
102334
102328
102346
102336
102344
102340
102342
102341
102343
102345
102338
102358
102359
102355
102363
102361
102362
102356
102360
102357
102378
102375
102377
102381
102374
102380
102376
102379
102373
102385
102382
102389
102388
102383
102386
102387
102384
102390
102394
102392
102391
102393
102397
102396
102398
102395
102399
102401
102407
102405
102404
102402
102403
102400
102408
102406
102411
102410
102417
102416
102415
102409
102412
102418
102413
102419
102426
102431
102423
102421
102428
102420
102429
102424
102441
102433
102438
102437
102439
102435
102436
102440
102434
