177572
177566
177569
177574
177567
177571
177570
177573
177568
177579
177583
177582
177576
177578
177577
177575
177581
177580
177585
177590
177589
177587
177584
177592
177588
177591
177586
177597
177601
177599
177594
177595
177600
177598
177596
177593
177603
177608
177609
177607
177602
177610
177606
177605
177604
177614
177613
177617
177618
177615
177619
177612
177611
177616
177626
177627
177623
177620
177622
177628
177624
177621
177625
177637
177630
177631
177635
177634
177636
177629
177633
177632
177642
177644
177645
177641
177638
177646
177643
177639
177640
177655
177649
177653
177652
177654
177647
177651
177648
177650
177660
177657
177659
177656
177658
177664
177661
177662
177663
177666
177671
177670
177668
177672
177665
177669
177673
177667
177679
177676
177681
177682
177678
177677
177683
177675
177680
177692
177685
177689
177687
177691
177686
177688
177690
177684
230057
177697
177700
177696
177695
177693
177701
177698
177699
177694
230315
177710
177708
177705
177702
177709
177704
177706
177703
177707
177715
177717
177718
177712
177714
177713
177716
177711
177719
177726
177721
177722
177727
177725
177728
177723
177724
177729
177735
177730
177731
177733
177737
177734
177736
177738
177732
177740
177746
177741
177744
177745
177743
177742
177739
177747
177753
177755
177749
177754
177750
177752
177748
177751
177756
177764
177761
177759
177765
177758
177762
177760
177757
177763
177767
177770
177769
177772
177774
177768
177773
177771
177766
177780
177777
177783
177781
177775
177778
177776
177782
177779
246252
177792
177786
177785
177791
177784
177787
177789
177790
177788
177801
177799
177797
177798
177795
177794
177793
177796
177800
177808
177802
177806
177805
177807
177809
177803
177804
177810
177817
177815
177814
177819
177812
177816
177813
177811
177818
177820
177824
177827
177826
177821
177825
177828
177822
177823
177831
177835
177836
177830
177832
177829
177837
177833
177834
177845
177840
177842
177846
177838
177839
177844
177843
177841
177847
177849
177850
177848
177851
177852
177853
177855
177854
177861
177859
177858
177864
177862
177863
177856
177857
177860
177873
177865
177867
177868
177871
177874
177866
177872
177870
