270982
270994
270988
270992
270986
270984
270990
270995
270996
271467
271529
271465
271474
271486
271450
271448
271470
271479
271504
271509
271498
271536
271508
271538
271506
271513
271501
271553
271555
271550
271547
271558
271545
271549
271552
271546
271643
271647
271618
271639
271637
271650
271641
271656
271654
271701
271704
271711
271706
271708
271697
271709
271698
271700
271720
271719
271712
271714
271721
271717
271722
271715
271723
271738
271743
271739
271733
271736
271731
271742
271735
271741
271783
271780
271782
271786
271778
271779
271785
271784
271781
271810
271813
271806
271809
271808
271803
271812
271811
271804
271825
271828
271824
271826
271830
271827
271834
271823
271832
271841
271844
271857
271843
271842
271854
271858
271859
271856
271875
271863
271872
271877
271862
271879
271861
271873
271871
272126
272131
272124
272130
272128
271886
272132
272127
272129
272145
272147
272139
272151
272136
272137
272149
272143
272150
272162
272165
272169
272158
272160
272167
272163
272161
272171
272198
272184
272186
272200
272193
272204
272180
272183
272177
272214
272223
272215
272218
272224
272232
272226
272221
272229
272246
272253
272248
272251
272244
272240
272254
272256
272242
272264
272276
272272
272274
272279
272266
272269
272271
272267
272313
272315
272312
272314
272293
272294
272291
272298
272296
272326
272320
272331
272328
272330
272322
272323
272334
272332
272346
272349
272351
272356
272354
272347
272359
272340
272343
272365
272367
272369
272376
272363
272379
272371
272374
272381
272394
272393
272391
272396
272386
272395
272392
272385
272389
272409
272405
272399
272397
272401
272398
272407
272402
272404
272416
272415
272414
272418
272412
272413
272420
272419
272417
272422
272429
272425
272424
272421
272427
272426
272428
272423
272431
272438
272432
272436
272437
272435
272434
272430
272433
272458
272446
272456
272463
272441
272439
272454
272452
272450
272479
272493
272489
272485
272491
272486
272478
272475
272482
272513
272502
272511
272505
272510
272506
272504
272508
272503
272524
272529
272535
272531
272525
272522
272527
272533
272528
272555
272562
272554
272558
272561
272564
272557
272566
272553
