516274
516276
516281
516275
516280
516278
516282
516277
516279
516289
516287
516290
516283
516286
516291
516284
516288
516285
516296
516295
516298
516294
516297
516293
516292
516299
516300
516301
516306
516308
516305
516304
516309
516302
516303
516307
516314
516313
516315
516312
516316
516311
516310
516318
516317
516322
516325
516327
516319
516321
516323
516320
516324
516326
516331
516332
516336
516335
516330
516333
516334
516329
516328
516337
516339
516345
516340
516344
516338
516341
516343
516342
516349
516351
516347
516350
516354
516346
516353
516352
516348
516361
516357
516356
516363
516355
516359
516358
516360
516362
516369
516368
516371
516365
516367
516364
516370
516366
516372
516380
516376
516375
516374
516377
516379
516373
516381
516378
516390
516385
516389
516383
516386
516384
516382
516387
516388
516402
516392
516400
516398
516391
516397
516395
516393
516394
516416
516414
516408
516411
516409
516405
516415
516413
516417
516426
516431
516419
516424
516430
516418
516425
516422
516421
516440
516438
516433
516436
516442
516435
516441
516443
516444
516457
516471
516459
516467
516469
516461
516465
516455
516463
516480
516485
516475
516484
516479
516481
516486
516473
516474
516505
516500
516504
516502
516496
516489
516497
516499
516493
516512
516518
516507
516516
516508
516515
516511
516513
516509
516538
516522
516531
516524
516528
516537
516529
516535
516527
718821
516546
516540
516544
516552
516554
516542
516550
516543
516548
516572
516559
516566
516564
516567
516569
516558
516562
516570
516594
516588
516595
516582
516593
516596
516585
516581
516578
516609
516601
516607
516606
516600
516611
516602
516604
516598
516633
516635
516623
516636
516617
516628
516632
516620
516630
516650
516645
516654
516646
516652
516640
516643
516638
516642
746926
516657
516671
516667
516668
516662
516670
516659
516672
516664
516693
516695
516699
516691
516694
516692
516700
516697
516690
516706
516709
516708
516711
516715
516712
516714
516705
516703
516718
516729
516726
516719
516731
516721
516727
516722
516720
516750
516745
516740
516754
516741
516747
516735
516752
516734
516757
516758
516765
516769
516760
516766
516764
516761
516767
