796580
796590
796584
796589
796581
796586
796583
796593
796585
796605
796609
796602
796606
796600
796610
796603
796611
796607
796676
796683
796675
796685
796681
796669
796671
796665
796673
796689
796698
796694
796687
796690
796686
796695
796688
796692
879022
796712
796715
796716
796714
796703
796704
796718
796709
796706
796741
796739
796726
796729
796734
796723
796736
796732
796735
796763
796757
796744
796770
796754
796766
796760
796761
796746
796790
796792
796782
796781
796785
796787
796778
796780
796779
796802
796812
796810
796799
796800
796805
796807
796814
796801
796838
796832
796819
796823
796841
796826
796821
796829
796835
796853
796859
796844
796856
796849
796862
796851
796858
796861
796879
796877
796866
796873
796874
796868
796870
796865
796871
796892
796891
796895
796901
796899
796894
796904
796889
796887
796926
796933
796932
796921
796911
796913
796928
796918
796916
796943
796937
796951
796941
796935
796955
796949
796936
796945
796959
796976
796977
796967
796973
796961
796971
796979
796964
796996
796990
796988
796991
796993
796985
796989
796994
796999
797004
797009
797011
797006
797032
797037
797043
797041
797035
797055
797053
797063
797066
797049
797051
797057
797054
797059
797083
797086
797078
797080
797075
797094
797077
797088
797092
797111
797108
797102
797099
797118
797104
797115
797106
797101
797132
797136
797125
797128
797134
797130
797126
797124
797127
797160
797143
797148
797144
797142
797158
797154
797145
797156
797165
797177
797178
797172
797170
797176
797161
797174
797167
797195
797186
797191
797181
797196
797194
797188
797193
797183
797204
797212
797216
797211
797207
797203
797209
797214
797210
797242
797228
797240
797231
797236
797234
797238
797225
797226
797258
797249
797244
797259
797260
797256
797252
797254
797247
797271
797274
797264
797261
797278
797276
797269
797277
797267
797290
797285
797295
797299
797288
797297
797300
797283
797292
797318
797315
797305
797313
797317
797319
797310
797307
797309
797327
797324
797325
797329
797334
797320
797331
797322
797328
797343
797342
797344
797338
797337
797340
797336
797341
797339
797351
797349
797352
797346
797348
797347
797353
797350
797345
