1077665
1077667
1077671
1077666
1077670
1077669
1077672
1077673
1077668
1077687
1077690
1077683
1077685
1077688
1077684
1077689
1077691
1077686
1077694
1077696
1077700
1077699
1077693
1077698
1077697
1077695
1077692
1077709
1077706
1077708
1077705
1077707
1077702
1077701
1077703
1077704
1077785
1077784
1077779
1077783
1077780
1077777
1077778
1077781
1077782
1077789
1077794
1077786
1077791
1077787
1077793
1077792
1077790
1077788
1077803
1077800
1077797
1077801
1077799
1077795
1077796
1077802
1077798
1077807
1077812
1077808
1077804
1077809
1077810
1077811
1077805
1077806
1077818
1077821
1077819
1077820
1077817
1077814
1077815
1077813
1077816
1077826
1077830
1077829
1077822
1077827
1077824
1077823
1077825
1077828
1077834
1077836
1077839
1077833
1077832
1077831
1077835
1077838
1077837
1077843
1077848
1077847
1077840
1077842
1077846
1077845
1077841
1077844
1077855
1077856
1077854
1077857
1077851
1077849
1077853
1077850
1077852
1077863
1077866
1077865
1077858
1077861
1077859
1077864
1077860
1077862
1077868
1077871
1077870
1077873
1077869
1077867
1077875
1077874
1077872
1077877
1077884
1077881
1077882
1077878
1077880
1077879
1077883
1077876
1077889
1077890
1077888
1077893
1077885
1077891
1077886
1077887
1077892
1077897
1077901
1077899
1077898
1077900
1077895
1077894
1077902
1077896
1077904
1077910
1077908
1077911
1077903
1077906
1077905
1077909
1077907
1077912
1077915
1077916
1077919
1077920
1077917
1077914
1077913
1077918
1077923
1077924
1077925
1077927
1077926
1077921
1077922
1077929
1077928
1077938
1077930
1077934
1077937
1077931
1077933
1077932
1077935
1077936
1077947
1077940
1077939
1077946
1077944
1077945
1077941
1077943
1077942
1077950
1077952
1077955
1077951
1077954
1077956
1077953
1077948
1077949
1077957
1077960
1077959
1077962
1077958
1077963
1077964
1077961
1077965
1077967
1077971
1077966
1077972
1077974
1077969
1077973
1077970
1077968
1077982
1077977
1077975
1077983
1077981
1077980
1077979
1077978
1077976
1077990
1077984
1077985
1077989
1077987
1077992
1077988
1077991
1077986
1078001
1077997
1077996
1077993
1077999
1078000
1077994
1077995
1077998
1078009
1078006
1078007
1078004
1078010
1078008
1078003
1078005
1078002
1078016
1078017
1078018
1078019
1078013
1078014
1078015
1078012
1078011
1078022
1078024
1078028
1078026
1078021
1078025
1078027
1078023
1078020
1078035
1078030
1078029
1078031
1078033
1078032
1078037
1078034
1078036
1078045
1078042
1078043
1078038
1078041
1078040
1078039
1078044
1078046
