1399129
1399153
1399152
1399156
1399155
1399136
1399157
1399158
1399159
1399534
1399533
1399532
1399527
1399528
1399531
1399535
1399529
1399530
1399540
1399537
1399541
1399538
1399544
1399543
1399536
1399539
1399542
1399551
1399552
1399545
1399547
1399549
1399550
1399553
1399548
1399546
1399557
1399561
1399558
1399562
1399554
1399555
1399559
1399556
1399560
1399569
1399568
1399563
1399564
1399571
1399566
1399565
1399567
1399570
1399579
1399580
1399576
1399577
1399575
1399578
1399574
1399573
1399572
1399587
1399585
1399581
1399582
1399589
1399583
1399584
1399588
1399586
1399593
1399598
1399595
1399594
1399597
1399596
1399591
1399590
1399592
1399599
1399606
1399605
1399607
1399601
1399602
1399600
1399603
1399604
1399608
1399616
1399613
1399612
1399611
1399614
1399615
1399609
1399610
1399619
1399624
1399623
1399625
1399618
1399620
1399621
1399622
1399617
1399633
1399630
1399629
1399626
1399632
1399631
1399627
1399628
1399634
1399639
1399643
1399635
1399638
1399642
1399640
1399637
1399636
1399641
1399652
1399649
1399648
1399650
1399646
1399647
1399644
1399645
1399651
1399660
1399661
1399653
1399655
1399657
1399658
1399654
1399659
1399656
1399668
1399669
1399667
1399662
1399663
1399666
1399670
1399664
1399665
1399673
1399677
1399679
1399672
1399674
1399675
1399671
1399676
1399678
1399682
1399683
1399681
1399680
1399688
1399687
1399686
1399685
1399684
1399691
1399695
1399689
1399697
1399690
1399693
1399696
1399692
1399694
1399698
1399703
1399706
1399700
1399705
1399701
1399702
1399699
1399704
1641833
1399712
1399707
1399708
1399715
1399710
1399711
1399714
1399713
1399709
1399724
1399717
1399718
1399723
1399722
1399720
1399719
1399716
1399721
1399728
1399732
1399731
1399726
1399733
1399730
1399725
1399729
1399727
1399735
1399742
1399739
1399741
1399736
1399738
1399734
1399740
1399737
1399749
1399750
1399743
1399744
1399748
1399746
1399745
1399747
1399751
1399757
1399760
1399756
1399755
1399759
1399758
1399753
1399752
1399754
1399769
1399768
1399765
1399763
1399761
1399762
1399766
1399767
1399764
1399774
1399778
1399770
1399773
1399777
1399776
1399772
1399775
1399771
1399784
1399787
1399786
1399782
1399785
1399783
1399780
1399779
1399781
1399794
1399789
1399792
1399788
1399796
1399790
1399793
1399791
1399795
1399805
1399798
1399803
1399801
1399799
1399800
1399804
1399802
1399797
1399813
1399808
1399812
1399811
1399806
1399814
1399807
1399809
1399810
1399823
1399820
1399818
1399816
1399815
1399817
1399822
1399821
1399819
