1771075
1771087
1771088
1771082
1771091
1771086
1771089
1771085
1771090
1771177
1771176
1771178
1771180
1771181
1771175
1771182
1771179
1771174
1771190
1771183
1771191
1771184
1771185
1771188
1771189
1771187
1771186
1771200
1771198
1771196
1771194
1771197
1771199
1771192
1771195
1771193
1771209
1771204
1771201
1771208
1771202
1771205
1771203
1771206
1771207
1771215
1771214
1771210
1771212
1771218
1771217
1771216
1771213
1771211
1771223
1771222
1771226
1771227
1771220
1771225
1771219
1771224
1771221
1771234
1771232
1771229
1771228
1771233
1771235
1771236
1771231
1771230
1771239
1771240
1771245
1771237
1771242
1771244
1771238
1771241
1771243
1771253
1771251
1771250
1771246
1771254
1771252
1771248
1771247
1771249
1771259
1771264
1771255
1771256
1771261
1771263
1771258
1771262
1771257
1771269
1771270
1771265
1771273
1771267
1771271
1771266
1771268
1771272
1771279
1771281
1771283
1771275
1771277
1771282
1771274
1771280
1771276
2180796
1771290
1771288
1771284
1771291
1771292
1771289
1771286
1771285
1771287
1771293
1771298
1771302
1771294
1771297
1771301
1771299
1771296
1771295
1771311
1771309
1771307
1771306
1771310
1771304
1771305
1771303
1771308
1771313
1771312
1771315
1771316
1771318
1771319
1771314
1771317
1771320
1771329
1771324
1771322
1771325
1771327
1771328
1771326
1771323
1771321
1771333
1771330
1771337
1771331
1771338
1771332
1771336
1771334
1771335
1771343
1771339
1771340
1771349
1771347
1771348
1771342
1771345
1771346
1771356
1771353
1771350
1771351
1771352
1771354
1771357
1771358
1771355
1771367
1771366
1771364
1771359
1771362
1771368
1771365
1771360
1771363
1771376
1771374
1771372
1771377
1771373
1771375
1771371
1771370
1771369
1771385
1771379
1771381
1771382
1771387
1771384
1771378
1771383
1771386
1771393
1771394
1771392
1771396
1771388
1771395
1771397
1771390
1771389
1771405
1771403
1771399
1771398
1771406
1771400
1771407
1771404
1771401
1771415
1771411
1771416
1771408
1771412
1771410
1771409
1771413
1771414
1771417
1771422
1771421
1771418
1771424
1771419
1771425
1771420
1771423
1771431
1771433
1771426
1771429
1771432
1771434
1771435
1771427
1771428
1771440
1771443
1771444
1771438
1771441
1771437
1771436
1771439
1771442
1771451
1771450
1771445
1771447
1771448
1771452
1771446
1771453
1771449
1771458
1771461
1771459
1771464
1771455
1771460
1771454
1771462
1771457
1771470
1771465
1771473
1771466
1771467
1771468
1771469
1771471
1771472
1771480
1771478
1771477
1771474
1771481
1771476
1771482
1771475
1771479
