2779522
2779526
2779612
2779614
2779610
2779618
2779616
2779528
2779524
2779832
2779828
2779822
2779820
2779826
2779830
2779834
2779824
2779818
2779848
2779836
2779840
2779838
2779844
2779842
2779850
2779846
2779852
2780382
2780380
2779854
2779866
2779864
2779858
2779856
2779860
2779862
2779880
2779868
2780384
2779878
2779870
2779876
2779874
2780386
2779872
2779898
2779890
2779884
2779894
2779888
2779892
2779882
2779896
2779886
2779914
2779912
2779900
2779902
2779910
2779916
2779904
2779908
2779906
2779928
2779920
2779918
2779932
2779934
2779922
2779924
2779926
2779930
2779948
2779946
2779938
2779952
2779944
2779950
2779940
2779936
2779942
2779970
2779964
2779954
2779956
2779960
2779966
2779968
2779958
2779962
2779980
2779982
2779972
2780388
2779986
2779978
2779976
2779984
2779974
2779998
2779988
2779990
2780004
2780002
2779994
2779992
2779996
2780000
2780022
2780016
2780006
2780008
2780020
2780010
2780014
2780018
2780012
2780024
2780040
2780038
2780030
2780026
2780036
2780032
2780028
2780034
2780058
2780052
2780046
2780054
2780044
2780056
2780042
2780050
2780048
2780074
2780068
2780060
2780072
2780070
2780064
2780076
2780062
2780066
2780078
2780090
2780082
2780094
2780092
2780084
2780080
2780088
2780086
2780098
2780110
2780100
2780096
2780108
2780102
2780104
2780106
2780112
2780114
2780116
2780130
2780124
2780120
2780128
2780122
2780126
2780118
2780136
2780142
2780390
2780146
2780140
2780134
2780144
2780138
2780132
2780148
2780152
2780164
2780156
2780162
2780154
2780150
2780160
2780158
2780170
2780178
2780168
2780182
2780180
2780172
2780166
2780174
2780176
2780194
2780196
2780198
2780184
2780192
2780190
2780186
2780188
2780200
2780392
2780210
2780202
2780212
2780208
2780206
2780204
2780394
2780214
2780230
2780228
2780216
2780218
2780226
2780232
2780220
2780224
2780222
2780240
2780244
2780234
2780248
2780242
2780246
2780238
2780250
2780236
2780262
2780398
2780254
2780266
2780260
2780256
2780252
2780258
2780264
2780280
2780272
2780268
2780270
2780284
2780276
2780282
2780278
2780274
2780290
2780292
2780400
2780298
2780296
2780288
2780286
2780402
2780294
2780302
2780304
2780300
2780404
2780314
2780308
2780310
2780306
2780312
2780504
2780318
2780326
2780316
2780322
2780320
2780328
2780324
2780472
2780332
2780338
2780342
2780336
2780410
2780334
2780330
2780340
2780426
2780356
2780348
2780344
2780346
2780360
2780358
2780352
2780354
2780350
2780368
2780362
2780376
2780374
2780378
2780372
2780366
2780370
2780364
