3976047
3976055
3976063
3976057
3976067
3976059
3976065
3976061
3976053
3976271
3976269
3976265
3976261
3976257
3976259
3976255
3976263
3976253
3976275
3976291
3976283
3976279
3976285
3976289
3976307
3976301
3976297
3976355
3976353
3976345
3976357
3976349
3976351
3976343
3976347
3976359
3976377
3976371
3976365
3976373
3976363
3976367
3976361
3976369
3976375
3976381
3976389
3976393
3976395
3976385
3976387
3976379
3976391
3976383
3976407
3976401
3976397
3976399
3976413
3976405
3976411
3976403
3976409
3976423
3976431
3976417
3976415
3976421
3976425
3976419
3976427
3976429
3976439
3976433
3976445
3976447
3976435
3976437
3976449
3976443
3976441
3976459
3976467
3976457
3976451
3976453
3976461
3976463
3976465
3976455
3976469
3976473
3976481
3976479
3976485
3976475
3976483
3976477
3976471
3976495
3976493
3976487
3976489
3976499
3976497
3976491
3976503
3976501
3976507
3976511
3976517
3976519
3976513
3976521
3976505
3976515
3976509
3976533
3976537
3976529
3976523
3976539
3976535
3976525
3976531
3976527
3976549
3976543
3976557
3976553
3976547
3976545
3976541
3976551
3976555
3976575
3976571
3976573
3976559
3976565
3976569
3976567
3976561
3976563
3976593
3976577
3976591
3976589
3976587
3976583
3976585
3976579
3976581
3976597
3976605
3976595
3976607
3976599
3976601
3976611
3976603
3976609
3976627
3976623
3976617
3976625
3976615
3976621
3976619
3976629
3976613
3976633
3976641
3976647
3976643
3976639
3976637
3976645
3976635
3976631
3976659
3976649
3976663
3976651
3976655
3976657
3976653
3976661
3976665
3976667
3976677
3976669
3976681
3976679
3976671
3976675
3976683
3976673
3976701
3976689
3976685
3976697
3976695
3976691
3976687
3976693
3976699
3976705
3976703
3976719
3976709
3976707
3976711
3976713
3976715
3976717
3976729
3976721
3976733
3976737
3976725
3976727
3976723
3976731
3976735
3976753
3976755
3976739
3976747
3976745
3976749
3976741
3976751
3976743
3976757
3976769
3976773
3976759
3976761
3976771
3976765
3976767
3976763
3976777
3976791
3976781
3976775
3976783
3976787
3976789
3976779
3976785
3976803
3976799
3976807
3976801
3976797
3976795
3976793
3976805
3976809
3976813
3976827
3976815
3976819
3976825
3976821
3976811
3976817
3976823
3976845
3976829
3976843
3976839
3976837
3976833
3976841
3976835
3976831
3976853
3976859
3976847
3976863
3976857
3976855
3976851
3976861
3976849
3976873
3976865
3976867
3976879
3976881
3976877
3976875
3976871
3976869
3976895
3976887
3976897
3976883
3976885
3976889
3976899
3976893
3976891
