5614338
5614358
5614356
5614350
5614352
5614348
5614344
5614360
5614346
5614392
5614386
5614400
5614394
5614398
5614388
5614384
5614390
5614396
5614406
5614404
5614402
5614414
5614418
5614410
5614408
5614416
5614412
5614752
5614750
5614744
5614756
5614760
5614754
5614748
5614746
5614758
5614778
5614762
5614776
5614770
5614766
5614764
5614768
5614772
5614774
5614784
5614794
5614780
5614788
5614796
5614790
5614782
5614786
5614792
5614810
5614802
5614800
5614798
5614812
5614808
5614814
5614804
5614806
5614830
5614820
5614816
5614822
5614824
5614826
5614818
5614828
5614832
5614848
5614834
5614850
5614842
5614846
5614844
5614836
5614838
5614840
5614854
5614858
5614864
5614860
5614862
5614852
5614856
5614866
5614868
5614880
5614872
5614884
5614876
5614886
5614878
5614882
5614874
5614870
5614894
5614892
5614888
5614890
5614896
5614904
5614902
5614900
5614898
5614922
5614908
5614912
5614906
5614916
5614918
5614914
5614910
5614920
5614926
5614938
5614928
5614930
5614940
5614934
5614924
5614936
5614932
5614952
5614950
5614942
5614954
5614958
5614956
5614948
5614944
5614946
5614974
5614960
5614972
5614968
5614962
5614964
5614970
5614976
5614966
5614984
5614980
5614986
5614978
5614990
5614994
5614982
5614988
5614992
5615000
5615002
5614996
5615012
5615008
5615010
5614998
5615006
5615004
5615018
5615026
5615014
5615022
5615028
5615016
5615024
5615030
5615020
5615032
5615048
5615036
5615042
5615044
5615034
5615046
5615040
5615038
5615052
5615054
5615056
5615050
5615064
5615058
5615066
5615062
5615060
5615078
5615072
5615074
5615068
5615076
5615084
5615082
5615080
5615070
5615086
5615090
5615088
5615096
5615098
5615094
5615102
5615092
5615100
5615114
5615108
5615104
5615116
5615110
5615112
5615106
5615118
5615120
5615124
5615138
5615130
5615134
5615136
5615132
5615122
5615126
5615128
5615152
5615154
5615146
5615148
5615156
5615150
5615142
5615144
5615140
5615160
5615172
5615174
5615170
5615166
5615162
5615158
5615164
5615168
5615184
5615182
5615180
5615176
5615178
5615192
5615188
5615190
5615186
5615208
5615196
5615194
5615204
5615210
5615202
5615200
5615206
5615198
5615218
5615226
5615214
5615224
5615220
5615222
5615212
5615228
5615216
5615238
5615230
5615246
5615244
5615240
5615234
5615232
5615236
5615242
5615260
5615250
5615252
5615256
5615248
5615254
5615258
5615264
5615262
5615272
5615268
5615274
5615266
5615276
5615280
5615278
5615282
5615270
5615298
5615286
5615288
5615294
5615284
5615296
5615292
5615300
5615290
