6783239
6783248
6783245
6783244
6783246
6783242
6783241
6783243
6783240
6784266
6784265
6784261
6784260
6784270
6784268
6784262
6784263
6784271
6784276
6784269
6784278
6784272
6784274
6784273
6784267
6784264
6784275
6784294
6784282
6784279
6784290
6784285
6784286
6784280
6784293
6784277
6784295
6784292
6784298
6784284
6784291
6784287
6784281
6784289
6784296
6784311
6784283
6784305
6784309
6784299
6784288
6784297
6784303
6784304
6784315
6784317
6784316
6784313
6784310
6784314
6784307
6784319
6784306
6784322
6784300
6784327
6784302
6784301
6784321
6784320
6784312
6784318
6784335
6784326
6784323
6784325
6784329
6784331
6784330
6784332
6784333
6784338
6784341
6784337
6784324
6784334
6784328
6784340
6784336
6784339
6784465
6784467
6784466
6784457
6784471
6784463
6784460
6784462
6784464
6784474
6784476
6784473
6784472
6784470
6784475
6784461
6784468
6784469
6784657
6784660
6784672
6784654
6784659
6784656
6784671
6784655
6784661
6784674
6784658
6784663
6784666
6784665
6784673
6784664
6784667
6784662
6784676
6784681
6784678
6784684
6784677
6784679
6784675
6784685
6784682
6784688
6784690
6784680
6784687
6784691
6784689
6784683
6784692
6784686
6784712
6784696
6784694
6784700
6784695
6784702
6784697
6784701
6784693
6784699
6784703
6784710
6784708
6784711
6784706
6784704
6784705
6784698
6784714
6784732
6784709
6784721
6784719
6784715
6784713
6784716
6784707
6784717
6784718
6784731
6784720
6784722
6784723
6784726
6784725
6784724
6784750
6784727
6784745
6784751
6784729
6784730
6784744
6784728
6784742
6784752
6784748
6784747
6784739
6784746
6784733
6784749
6784734
6784736
6784764
6784737
6784740
6784741
6784743
6784738
6784754
6784735
6784770
6784765
6784759
6784757
6784761
6784755
6784758
6784756
6784760
6784766
6784772
6784771
6784763
6784753
6784768
6784769
6784762
6784786
6784767
6784777
6784775
6784782
6784779
6784776
6784778
6784789
6784781
6784773
6784785
6784793
6784780
6784791
6784790
6784774
6784783
6784792
6784787
6784811
6784835
6784797
6784788
6784795
6784800
6784805
6784812
6784796
6784807
6784808
6784802
6784803
6784799
6784794
6784801
6784798
6784804
6784845
6784810
6784848
6784838
6784843
6784851
6784809
6784806
6784849
6784855
6784852
6784836
6784841
6784837
6784854
6784847
6784850
6784846
6784839
6784857
6784853
6784863
6784840
6784869
6784870
6784842
6784844
6784866
6784861
6784864
6784865
6784862
6784859
6784868
6784860
6784867
6784890
6784883
6784879
6784891
6784896
6784884
6784892
6784894
6784895
