7108253
7108259
7108267
7108249
7108255
7108254
7108263
7108248
7108647
7108303
7108290
7108305
7108291
7108292
7108321
7108648
7108293
7108289
7108495
7108295
7108298
7108294
7108649
7108309
7108307
7108297
7108296
7108375
7108299
7108302
7108311
7108400
7108650
7108300
7108651
7108393
7108301
7108394
7108408
7108396
7108304
7108382
7108653
7108374
7108652
7108654
7108308
7108398
7108383
7108449
7108455
7108306
7108378
7108470
7108379
7108377
7108381
7108410
7108522
7108312
7108474
7108310
7108655
7108656
7108469
7108397
7108376
7108313
7108399
7108395
7108657
7108384
7108521
7108380
7108660
7108659
7108450
7108386
7108658
7108385
7108387
7108316
7108314
7108411
7108458
7108364
7108318
7108317
7108661
7108315
7108662
7108320
7108319
7108322
7108366
7108389
7108365
7108324
7108496
7108663
7108325
7108368
7108414
7108369
7108433
7108402
7108472
7108323
7108367
7108388
7108326
7108327
7108370
7108664
7108665
7108497
7108529
7108404
7108476
7108471
7108666
7108457
7108372
7108371
7108328
7108390
7108391
7108459
7108373
7108668
7108669
7108416
7108432
7108504
7108667
7108671
7108512
7108473
7108435
7108475
7108670
7108494
7108672
7108509
7108493
7108434
7108452
7108673
7108406
7108674
7108675
7108392
7108510
7108330
7108334
7108436
7108676
7108333
7108331
7108329
7108335
7108332
7108437
7108401
7108338
7108677
7108337
7108339
7108678
7108412
7108340
7108679
7108511
7108681
7108343
7108683
7108680
7108532
7108341
7108682
7108464
7108439
7108342
7108465
7108685
7108468
7108344
7108684
7108686
7108413
7108345
7108346
7108419
7108689
7108688
7108438
7108687
7108403
7108693
7108692
7108348
7108690
7108505
7108349
7108691
7108694
7108507
7108523
7108500
7108440
7108347
7108695
7108422
7108503
7108466
7108498
7108405
7108427
7108697
7108698
7108699
7108696
7108700
7108415
7108441
7108461
7108420
7108701
7108702
7108705
7108442
7108704
7108703
7108460
7108708
7108501
7108527
7108443
7108706
7108421
7108407
7108424
7108707
7108462
7108453
7108524
7108709
7108710
7108423
7108417
7108428
7108454
7108451
7108711
7108477
7108714
7108713
7108712
7108525
7108445
7108478
7108467
7108418
7108715
7108444
7108409
7108426
7108716
7108456
7108717
7108479
7108508
7108429
7108506
7108720
7108425
7108480
7108718
7108719
7108722
7108350
7108351
7108355
7108353
7108352
7108721
7108354
7108502
7108358
7108446
7108359
7108431
7108357
7108724
7108361
7108723
7108356
7108725
7108526
7108362
7108726
7108430
7108447
7108463
7108360
7108363
