7458849
7458864
7458859
7458865
7458860
7458866
7458861
7458862
7458863
7458896
7458904
7458906
7458918
7458911
7458892
7458909
7458916
7458895
7458903
7458898
7458897
7458914
7458900
7458919
7458893
7458913
7458907
7458894
7458908
7458915
7458902
7458901
7458912
7458899
7458910
7458905
7458925
7458985
7458961
7458989
7458951
7458926
7458954
7458968
7458929
7458982
7458924
7458991
7458963
7458920
7458958
7458953
7458923
7458967
7458969
7458928
7458960
7458988
7458964
7458957
7458952
7458962
7458956
7458955
7458927
7458990
7458921
7458965
7458922
7458959
7458966
7459132
7459036
7458973
7459011
7459027
7459047
7459010
7458998
7458995
7459035
7458976
7459020
7459029
7458983
7459041
7458986
7459056
7459042
7459005
7459022
7458971
7459055
7459006
7459045
7459000
7459017
7458994
7459043
7459007
7458977
7459031
7459050
7458992
7459034
7459040
7459026
7459033
7458980
7459018
7459012
7459051
7459048
7458996
7458972
7459003
7458999
7458997
7458978
7459025
7459052
7459014
7458993
7459039
7459032
7459030
7459009
7459024
7459021
7459004
7459044
7458970
7459002
7458981
7459059
7459028
7458975
7459013
7458979
7458984
7459023
7459046
7459015
7459038
7458974
7459001
7459019
7459053
7459037
7459008
7459016
7458987
7459049
7459101
7459089
7459102
7459054
7459085
7459082
7459119
7459081
7459078
7459106
7459068
7459065
7459067
7459063
7459097
7459076
7459120
7459105
7459094
7459079
7459088
7459110
7459122
7459083
7459104
7459091
7459060
7459075
7459071
7459099
7459086
7459073
7459112
7459070
7459113
7459077
7459123
7459108
7459096
7459092
7459062
7459061
7459098
7459080
7459109
7459111
7459069
7459084
7459066
7459103
7459107
7459100
7459072
7459093
7459064
7459118
7459058
7459057
7459074
7459087
7459095
7459121
7459090
7459129
7459141
7459151
7459139
7459145
7459135
7459136
7459140
7459128
7459130
7459138
7459127
7459148
7459126
7459133
7459142
7459134
7459147
7459131
7459125
7459144
7459152
7459143
7459149
7459146
7459124
7459137
7459165
7459166
7459153
7459150
7459168
7459157
7459156
7459164
7459155
7459159
7459173
7459154
7459207
7459183
7459194
7459176
7459181
7459210
7459205
7459193
7459192
7459163
7459171
7459201
7459191
7459185
7459169
7459161
7459184
7459197
7459170
7459214
7459182
7459195
7459208
7459172
7459167
7459202
7459198
7459204
7459186
7459211
7459200
7459189
7459179
7459177
7459187
7459158
7459190
7459199
7459162
7459213
7459203
7459180
7459174
7459178
7459209
7459188
7459196
7459206
7459175
7459160
7459212
