7851487
7851482
7851483
7851485
7851486
7851479
7851484
7851480
7851481
7851663
7851669
7851670
7851672
7851665
7851664
7851666
7851671
7851668
7851679
7851680
7851667
7851676
7851673
7851674
7851677
7851682
7851675
7851684
7851683
7851685
7851692
7851681
7851687
7851678
7851691
7851688
7851697
7851686
7851699
7851703
7851701
7851696
7851690
7851700
7851689
7851713
7851719
7851694
7851693
7851698
7851721
7851695
7851715
7851720
7851718
7851733
7851714
7851736
7851741
7851717
7851737
7851716
7851712
7851734
7851753
7851738
7851755
7851735
7851760
7851740
7851739
7851732
7851758
7851759
7851754
7851764
7851751
7851761
7851762
7851756
7851757
7851781
7851776
7851765
7851767
7851763
7851783
7851768
7851766
7851780
7851711
7851709
7851707
7851708
7851705
7851706
7851702
7851710
7851704
7851731
7851729
7851722
7851723
7851727
7851724
7851728
7851725
7851726
7851742
7851749
7851743
7851746
7851748
7851730
7851750
7851744
7851752
7851769
7851777
7851745
7851747
7851775
7851771
7851774
7851779
7851773
7851795
7851792
7851794
7851798
7851770
7851790
7851772
7851778
7851800
7851799
7851819
7851797
7851812
7851791
7851814
7851793
7851821
7851813
7851816
7851840
7851823
7851841
7851818
7851820
7851848
7851842
7851815
7851849
7851835
7851845
7851863
7851869
7851844
7851838
7851864
7851846
7851859
7851865
7851861
7851867
7851860
7851880
7851868
7851866
7851897
7851896
7851900
7851890
7851881
7851885
7851891
7851882
7851883
7851888
7851805
7851786
7851796
7851789
7851788
7851803
7851787
7851785
7851807
7851810
7851806
7851802
7851809
7851782
7851804
7851808
7851801
7851824
7851828
7851784
7851829
7851822
7851826
7851832
7851827
7851817
7851825
7851831
7851837
7851830
7851833
7851836
7851843
7851847
7851839
7851834
7851858
7851854
7851850
7851852
7851857
7851855
7851853
7851811
7851856
7851877
7851879
7851874
7851875
7851870
7851878
7851872
7851876
7851851
7851873
7851887
7851871
7851895
7851889
7851899
7851884
7851898
7851893
7851910
7851892
7851894
7851904
7851903
7851901
7851886
7851912
7851907
7851929
7851920
7851862
7851927
7851905
7851911
7851906
7851917
7851916
7851936
7851923
7851941
7851924
7851919
7851926
7851937
7851921
7851940
7851938
7851957
7851942
7851947
7851944
7851955
7851954
7851934
7851946
7851909
7851935
7851908
7851932
7851902
7851915
7851918
7851925
7851931
7851914
7851948
7851933
7851928
7851939
7851960
7851922
7851950
7851952
7851953
7851951
7851913
7851930
7851956
7851958
7851959
7851961
7851945
