8271917
8271911
8271913
8271912
8271914
8271915
8271916
8271909
8271910
8272016
8272358
8272019
8272014
8272032
8272022
8272018
8272015
8272020
8272038
8272034
8272033
8272023
8272037
8272031
8272028
8272030
8272024
8272017
8272003
8272360
8272026
8272021
8272025
8272348
8272027
8272001
8271996
8272000
8272004
8272350
8271999
8271993
8271997
8272371
8272002
8272007
8272012
8272009
8271994
8272352
8271998
8271995
8272343
8272349
8272345
8272011
8272013
8272008
8272362
8272006
8272010
8272355
8272005
8272071
8272073
8272067
8272063
8272056
8272066
8272050
8272070
8272049
8272036
8272069
8272058
8272061
8272057
8272055
8272054
8272052
8272053
8272060
8272094
8272095
8272100
8272098
8272075
8272068
8272093
8272079
8272109
8272065
8272076
8272064
8272108
8272062
8272078
8272059
8272074
8272114
8272103
8272106
8272102
8272105
8272097
8272112
8272104
8272077
8272128
8272123
8272072
8272121
8272096
8272101
8272092
8272091
8272110
8272099
8272120
8272127
8272118
8272124
8272115
8272125
8272111
8272117
8272116
8272130
8272139
8272113
8272144
8272131
8272141
8272119
8272148
8272138
8272133
8272132
8272122
8272137
8272135
8272134
8272107
8272129
8272149
8272156
8272146
8272136
8272154
8272153
8272155
8272151
8272157
8272140
8272145
8272143
8272142
8272152
8272147
8272126
8272150
8272047
8272041
8272042
8272039
8272043
8272046
8272048
8272040
8272035
8272045
8272185
8272169
8272199
8272175
8272170
8272264
8272174
8272177
8272265
8272164
8272171
8272181
8272187
8272263
8272182
8272161
8272179
8272178
8579970
8272173
8272193
8272207
8272191
8272200
8272180
8272172
8272183
8272222
8272339
8272205
8272189
8272196
8272195
8272159
8272190
8272186
8272158
8272206
8272221
8272211
8272201
8272249
8272194
8272197
8272188
8272162
8645516
8272322
8272202
8272192
8272228
8272198
8272235
8272210
8272203
8272160
8645357
8645355
8645352
8645353
8645359
8645354
8645358
8645356
8645362
8645452
8645449
8645454
8645450
8645448
8645447
8645453
8645451
8645446
8645487
8645468
8645488
8645466
8645465
8645469
8645472
8645484
8645473
8645541
8645598
8645534
8645589
8645559
8645591
8645550
8645557
8645515
8645542
8645524
8645548
8645525
8645533
8645601
8645506
8645507
8645595
8645543
8645512
8645590
8645530
8645503
8645520
8645529
8645521
8645538
8645522
8645523
8645596
8645504
8645513
8645531
8645592
8645540
8645599
8645499
8645560
8645519
8645497
8645536
8645509
8645561
8645498
8645501
8645518
8645553
8645528
8645510
8645502
8645552
8645546
8645527
8645500
