8833391
8833394
8833405
8833396
8833398
8833400
8833389
8833390
8833393
8833463
8833450
8833451
8833461
8833458
8833455
8833452
8833457
8833465
8833427
8833429
8833449
8833431
8833426
8833434
8833454
8833448
8833453
8833423
8833421
8833420
8833425
8833424
8833417
8833432
8833418
8833422
8833444
8833440
8833441
8833419
8833446
8833416
8833445
8833439
8833447
8833435
8833430
8833433
8833442
8833428
8833437
8833436
8833438
8833443
8833496
8833499
8833497
8833503
8833509
8833498
8833508
8833504
8833505
8833520
8833495
8833501
8833492
8833502
8833494
8833487
8833500
8833516
8833521
8833523
8833515
8833510
8833517
8833507
8833519
8833518
8833522
8833513
8833470
8833472
8833506
8833514
8833511
8833475
8833479
8833512
8833468
8833460
8833467
8833471
8833473
8833469
8833466
8833462
8833474
8833459
8833491
8833490
8833488
8833489
8833486
8833493
8833456
8833464
8833484
8833480
8833483
8833485
8833477
8833482
8833481
8833478
8833476
8833581
8833676
8833584
8833677
8833678
8833582
8833578
8833680
8833687
8833573
8833572
8833566
8833673
8833569
8833672
8833574
8833675
8833619
8833682
8833684
8833686
8833604
8833610
8833607
8833601
8833683
8833612
8833679
8833669
8833681
8833587
8833592
8833541
8833668
8833602
8833588
8833539
8833532
8833655
8833538
8833659
8833663
8833536
8833534
8833665
8833667
8833564
8833529
8833674
8833528
8833562
8833526
8833563
8833653
8833670
8833547
8833553
8833546
8833666
8833552
8833671
8833558
8833549
9342076
8833651
8833648
8833545
8833645
8833642
8833695
8833646
8833693
8833701
8833636
8833639
8833647
8833644
8833716
8833692
8833694
8833641
8833643
8833658
8833698
8833656
8833664
8833661
8833660
8833657
8833717
8833662
8833713
8833700
8833652
8833650
8833649
8833654
8833697
8833625
8833689
8833622
8833711
8833624
8833688
8833620
8833621
8833626
8833623
8833616
8833715
8833640
8833618
8833685
8833637
8833638
8833617
8833613
8833615
8833627
8833629
8833634
8833628
8833690
8833635
8833691
8833632
8833633
8833708
8833631
8833714
8833591
8833586
8833580
8833583
8833585
8833630
8833575
8833568
8833576
8833703
8833567
8833577
8833706
8833579
8833571
9483435
8833611
8833606
8833609
8833570
8833608
8833712
8833709
8833614
8833603
9483434
8833550
8833590
8833707
8833593
8833589
8833594
8833710
8833600
8833605
9483436
8833696
8833544
8833535
8833540
8833702
8833542
8833533
8833543
8833537
8833565
8833530
8833527
8833561
8833524
8833699
8833525
8833559
8833531
8833557
8833704
8833560
8833554
8833705
8833551
8833556
8833548
8833555
