9594492
9594449
9594546
9594445
9594504
9594444
9594498
9594441
9594484
9594534
9594538
9594463
9594536
9594545
9594540
9594503
9594539
9594560
9594561
9594395
9594442
9594397
9594394
9594563
9594490
9594482
9594459
9594506
9594510
9594513
9594409
9594402
9594512
9594389
9594407
9594387
9594502
9594366
9594497
9594375
9594399
9594367
9594517
9594404
9594401
9594377
9594508
9594491
9594487
9594369
9594388
9594386
9594376
9594385
9594426
9594528
9594425
9594430
9594428
9594379
9594434
9594382
9594422
9594432
9594435
9594529
9594531
9594532
9594530
9594465
9594547
9594439
9594518
9594520
9594411
9594413
9594421
9594516
9594414
9594417
9594519
9594524
9594415
9594477
9594418
9594419
9594523
9594420
9594553
9594416
9594458
9594495
9594466
9594464
9594447
9594558
9594462
9594460
9594486
9594448
9594473
9594535
9594478
9594443
9594440
9594451
9594467
9594450
9594499
9594438
9594485
9594452
9594453
9594437
9594554
9594433
9594429
9594549
9594479
9594542
9594556
9594436
9594494
9594461
9594550
9594544
9594488
9594446
9594552
9594472
9594454
9594457
9594483
9594551
9594500
9594557
9594456
9594468
9594476
9594474
9594543
9594555
9594548
9594475
9594471
9594480
9594469
9594400
9594470
9594537
9594481
9594493
9594496
9594514
9594390
9594515
9594509
9594408
9594393
9594398
9594392
9594406
9594410
9594371
9594396
9594511
9594405
9594412
9594403
9594373
9594374
9594365
9594368
9594489
9594370
9594391
9594380
9594383
9594501
9594505
9594423
9594424
9594526
9594431
9594427
9594507
9594372
9594384
9594378
9594290
9594522
9594294
9594298
9594300
9594302
9594299
9594305
9594301
9594281
9594285
9594287
9594286
9594288
9594282
9594304
9594303
9594273
9594284
9594292
9594293
9594295
9594291
9594289
9594283
9594297
9594296
9594317
9594324
9594564
9594329
9594325
9594332
9594326
9594321
9594322
10175230
9594330
9594312
9594333
9594562
9594327
9594336
9594331
9594328
9594310
10194917
9594319
9594311
9594308
9594318
9594313
9594315
9594527
9594306
9594323
9594314
9594357
9594307
9594309
9594358
9594354
9594316
9594351
9594320
9594363
9594360
9594343
9594521
9594356
9594361
9594362
9594359
9594350
9594339
9594353
9594338
9594334
9594559
9594337
9594355
9594340
9594352
9594342
9594345
9594349
9594341
9594525
9594346
9594335
9594344
9594347
9594263
9594267
9594266
9594348
9594270
9594278
9594268
9594262
9594264
9594279
9594272
9594276
9594256
9594275
9594271
9594274
9594277
9594280
9594255
9594259
9594261
9594257
9594254
9594258
9594253
9594252
9594260
