10388286
10388272
10388283
10388309
10388296
10388291
10388285
10388308
10388281
10388298
10388293
10388319
10388294
10388328
10388320
10388314
10388299
10388310
10388316
10388302
10388311
10388340
10388331
10388341
10388317
10388332
10388334
10388329
10388354
10388333
10388352
10388324
10388355
10388325
10388349
10388346
10388343
10388361
10388345
10388362
10388351
10388378
10388369
10388356
10388366
10388377
10388376
10388367
10388374
10388372
10388381
10388371
10388384
10388379
10388389
10388395
10388393
10388386
10388398
10388387
10388392
10388385
10388380
10388390
10388394
10388397
10388407
10388406
10388391
10388402
10388396
10388403
10388399
10388409
10388400
10388413
10388405
10388401
10388404
10388418
10388411
10388423
10388412
10388420
10388419
10388425
10388408
10388415
10388414
10388416
10388422
10388417
10388410
10388434
10388427
10388432
10388433
10388439
10388428
10388429
10388424
10388421
10388450
10388453
10388437
10388426
10388436
10388430
10388440
10388451
10388431
10388449
10388452
10388435
10388447
10388438
10388448
10388456
10388441
10388457
10388458
10388460
10388461
10388454
10388464
10388462
10388459
10388465
10388455
10388468
10388476
10388467
10388474
10388471
10388472
10388477
10388482
10388463
10388478
10388475
10388470
10388466
10388479
10388469
10388487
10388490
10388491
10388473
10388480
10388489
10388481
10388483
10388484
10388488
10388486
10388498
10388493
10388497
10388499
10388485
10388501
10388494
10388506
10388495
10388492
10388496
10388508
10388513
10388500
10388502
10388504
10388511
10388518
10388510
10388512
10388505
10388519
10388507
10388521
10388514
10388509
10388529
10388517
10388516
10388528
10388526
10388515
10388503
10388522
10388531
10388532
10388524
10388527
10388525
10388523
10388533
10388530
10388520
10388225
10388229
10388221
10388230
10388227
10388222
10388233
10388228
10388223
10388224
10388226
10388240
10388232
10388231
10388250
10388237
10388243
10388239
10388238
10388241
10388235
10388259
10388242
10388245
10388236
10388244
10388234
10388261
10388246
10388252
10388248
10388247
10388260
10388251
10388249
10388270
10388257
10388258
10388253
10388264
10388256
10388265
10388263
10388269
10388262
10388271
10388278
10388268
10388267
10388274
10388279
10388277
10388266
10388273
10388289
10388287
10388290
10388284
10388280
10388276
10388288
10388275
10388300
10388292
10388306
10388307
10388304
10388305
10388297
10388295
10388282
10388301
10388330
10388312
10388318
10388315
10388321
10388327
10388303
10388335
10388313
10388322
10388326
10388323
10388337
10388347
10388336
10388338
10388358
10388339
10388348
10388365
10388364
10388363
10388342
10388360
10388350
10388344
10388353
10388368
10388357
10388373
10388370
10388375
10388359
10388382
10388383
10388388
