11396480
11396478
11396473
11396475
11396472
11396474
11396479
11396477
11396476
11396468
11396464
11396467
11396462
11396471
11396465
11396466
11396469
11396470
11396461
11396459
11396454
11396455
11396457
11396453
11396456
11396458
11396460
11396452
11396447
11396449
11396451
11396450
11396448
11396446
11396445
11396444
11396436
11396441
11396442
11396440
11396435
11396443
11396437
11396439
11396438
11396430
11396426
11396429
11396431
11396427
11396432
11396434
11396428
11396433
11396420
11396424
11396418
11396422
11396417
11396419
11396423
11396425
11396421
11396416
11396415
11396408
11396413
11396410
11396414
11396411
11396412
11396409
11396401
11396403
11396400
11396407
11396402
11396398
11396406
11396405
11396404
11396390
11396393
11396397
11396394
11396396
11396392
11396399
11396395
11396391
11396381
11396385
11396388
11396386
11396387
11396389
11396383
11396382
11396384
11396376
11396378
11396380
11396377
11396373
11396375
11396379
11396372
11396374
11396363
11396367
11396370
11396366
11396364
11396368
11396369
11396365
11880344
11396357
11396354
11396361
11396360
11396356
11396358
11396362
11396355
11396359
11396347
11396348
11396345
11396344
11396349
11396352
11396351
11396350
11396353
11396338
11396346
11396339
11396343
11396336
11396342
11396341
11396337
11396340
11396335
11396330
11396332
11396329
11396334
11396333
11396327
11396328
11396331
11396319
11396321
11396318
11396324
11396320
11396325
11396326
11396322
11996503
11396314
11396310
11396311
11396312
11396309
11396313
11396315
11396317
11396316
11396301
11396304
11396299
11396308
11396306
11396302
11396303
11396305
11396307
11396300
11396297
11396295
11396296
11396292
11396293
11396298
11396291
11396294
11396286
11396281
11396287
11396283
11396285
11396288
11396289
11396290
11396284
11396278
11396279
11396276
11396275
11396273
11396282
11396277
11396280
11396274
11396271
11396263
11396272
11396269
11396265
11396266
11396270
11396268
11396267
11396261
11396258
11396264
11396262
11396260
11396254
11396255
11396257
11396259
11396248
11396247
11396253
11396250
11396246
11396251
11396249
11396252
11396256
11396243
11396241
11396242
11396244
11396240
11396245
11396238
11396237
11396239
11396234
11396226
11396230
11396235
11396232
11396233
11396236
11396229
11396231
11396221
11396224
11396223
11396227
11396225
11396222
11396220
11396219
11396228
11396215
11396210
11396214
11396211
11396213
11396217
11396212
11396218
11396216
11396205
11396206
11396204
11396201
11396202
11396209
11396208
11396207
11396203
11396191
11396197
11396199
11396200
11396198
11396194
11396195
11396193
11396196
11396185
11396192
11396186
11396183
11396182
11396190
11396189
11396188
11396184
11396173
11396180
11396179
11396181
11396177
11396175
11396176
11396174
11396178
