42595
42597
42598
42599
42593
42601
42596
42594
43980
43974
43976
43978
43981
43979
43975
43977
43973
45007
45008
45010
45009
45011
45013
45014
45006
45012
46185
46187
46179
46180
46184
46181
46182
46186
46183
47749
47750
47751
47753
47754
47755
47747
47748
47752
50108
50109
50113
50110
50115
50114
50112
50116
50111
51668
51669
51671
51674
51672
51666
51667
51673
51670
52460
52454
52455
52458
52457
52461
52459
52456
52453
53778
53779
53782
53784
53785
53786
53780
53781
53783
55219
55220
55216
55217
55218
55221
55223
55222
55215
56245
56248
56249
56242
56243
56244
56246
56250
56247
57573
57574
57576
57578
57581
57577
57579
57580
57575
58213
58214
58216
58219
58218
58220
58221
58217
58215
59757
59758
59762
59759
59765
59760
59761
59763
59764
66877
66880
66879
66882
66883
66884
66881
66885
66878
66886
66888
66890
66891
66893
66887
66889
66892
66894
67577
67578
67579
67582
67583
67584
67585
67580
67581
68231
68232
68233
68239
68234
68238
68235
68236
68237
69319
69312
69309
69316
69318
69320
69306
69321
69317
70458
70466
70462
70464
70459
70463
70460
70465
70461
71506
71499
71500
71501
71503
71502
71504
71507
71505
72981
72975
72978
72974
72980
72979
72976
72982
72977
74114
74115
74118
74119
74122
74116
74117
74120
74121
75266
75264
75262
75265
75260
75268
75261
75267
75263
79673
76672
76673
76676
76677
76680
76679
76674
76675
76678
78112
78106
78107
78108
78105
78109
78113
78110
78111
89345
79449
79451
79452
79453
79446
79447
79448
79450
79454
80756
80757
80755
80758
80761
80763
80759
80762
80760
82180
82181
82183
82185
82177
82178
82182
82184
82179
83522
83528
83520
83523
83525
83527
83521
83526
83524
86366
86369
86368
86371
86372
86373
86370
86367
86374
87568
87564
87569
87571
87572
87565
87566
87567
87570
89901
89904
89903
89906
89907
89908
89905
89902
89909
91523
91519
91524
91526
91527
91520
91521
91522
91525
