121348
121349
121352
121353
121354
121355
121357
121350
121351
121356
122035
122032
122038
122030
122031
122033
122034
122036
122037
122039
122040
122041
122042
122043
122047
122044
122045
122046
122048
122049
122050
122053
122058
122051
122052
122055
122056
122057
122059
122054
122061
122062
122060
122063
122064
122065
122066
122068
122069
122067
122078
122075
122070
122071
122072
122073
122074
122076
122077
122079
122080
122088
122081
122082
122083
122085
122086
122087
122089
122084
122090
122091
122092
122093
122095
122096
122099
122097
122098
122094
122107
122101
122108
122100
122102
122103
122104
122105
122106
122109
122112
122119
122110
122111
122113
122114
122115
122116
122118
122117
122129
122120
122121
122122
122123
122124
122126
122127
122128
122125
122130
122131
122132
122133
122134
122138
122135
122136
122137
122139
122146
122149
122140
122141
122142
122143
122145
122147
122148
122144
122156
122152
122150
122151
122153
122154
122157
122155
122159
122158
122160
122164
122169
122162
122163
122167
122165
122166
122168
122161
122175
122173
122177
122170
122171
122172
122174
122179
122178
122176
144871
122180
122181
122182
122183
122188
122185
122186
122187
122189
122184
122198
122190
122191
122192
122193
122194
122195
122197
122199
122196
122201
122208
122200
122203
122204
122205
122206
122207
122209
122202
122212
122213
122215
122211
122219
122210
122214
122216
122217
122218
122226
122229
122223
122225
122221
122224
122220
122227
122228
122222
122249
122234
122230
122238
122231
122237
122236
122233
122232
122235
122240
122242
122245
122248
122244
122246
122247
122241
122239
122243
122250
122257
122253
122255
122251
122256
122259
122252
122258
122254
122265
122262
122264
122263
122260
122266
122267
122261
122268
122269
122277
122279
122272
122270
122278
122275
122273
122271
122276
122274
122287
122284
122281
122289
122286
122285
122282
122283
122280
122288
122290
122291
122295
122298
122293
122296
122294
122297
122299
122292
122305
122309
122302
122304
122303
122301
122308
122300
122306
122307
122313
122314
122312
122310
122311
122318
122319
122316
122315
122317
165174
165175
165173
165176
165177
165172
165178
165180
165179
165181
122490
122489
122487
122486
122484
122481
122488
122482
122485
122483
122496
122498
122495
122492
122491
122494
122493
122499
122500
122497
122510
122507
122506
122502
122508
122501
122505
122503
122509
122504
122518
122517
122520
122512
122515
122519
122516
122513
122511
122514
122526
122523
122527
122522
122530
122521
122529
122524
122528
122525
122534
122532
122531
122536
122538
122537
122533
122539
122535
122540
122547
122548
122546
122550
122541
122542
122545
122544
122549
122543
122551
122560
122552
122559
122553
122558
122556
122555
122554
122557
