198726
198727
198725
198732
198733
198730
198729
198724
198731
198728
198767
198766
198762
198763
198764
198765
198768
198769
198770
198761
198777
198773
198780
198771
198772
198774
198775
198778
198779
198776
198781
198782
198783
198784
198806
198807
198808
198809
198810
198811
198818
198817
198820
198812
198813
198815
198816
198819
199025
198814
198823
198831
198822
198824
198826
198827
198828
198829
198830
198825
198841
198836
198832
198834
198835
198837
198840
198838
198839
198833
198899
198896
198895
198897
198898
198900
198902
198903
198904
198901
198914
198905
198906
198907
198908
198909
198910
198913
198911
198912
198922
198919
198915
198916
198917
198920
198918
198921
198923
198924
198927
198929
198934
198925
198926
198928
198930
198931
198933
198932
198944
198941
198935
198936
198938
198940
198939
198942
198943
198937
198949
198951
198954
198945
198946
198947
198948
198950
198952
198953
198955
198957
198956
198958
198961
198960
198962
198963
198964
198959
198973
198966
198965
198968
198969
198970
198971
198972
198974
198967
198984
198978
198983
198975
198976
198977
198981
198979
198980
198982
198985
198986
198987
198988
198989
198990
198991
198992
198993
198994
199001
199000
199003
198995
198996
198997
198998
199002
199004
198999
199009
199011
199005
199006
199007
199008
199010
199012
199014
199013
199023
199018
199024
199020
199019
199015
199021
199022
199016
199017
199093
199099
199098
199096
199095
199101
199102
199094
199100
199097
199112
199111
199106
199110
199109
199103
199108
199107
199104
199105
199113
199120
199115
199116
199114
199122
199119
199117
199121
199118
199127
199130
199125
199128
199124
199131
199132
199126
199123
199129
199134
199142
199141
199137
199140
199139
199135
199133
199138
199136
199146
199147
199144
199149
199148
199151
199145
199143
199150
199152
199156
199154
199160
199157
199153
199161
199162
199155
199158
199159
199165
199167
199168
199172
199169
199164
199170
199171
199163
199166
199181
199180
199179
199174
199173
199178
199175
199182
199176
199177
199184
199186
199200
199183
199187
199199
199185
199198
199197
199196
199203
199207
199202
199204
199201
199206
199205
199208
199210
199209
199217
199214
199216
199215
199219
199213
199220
199211
199212
199218
199230
199223
199224
199226
199228
199229
199221
199227
199225
199222
199233
199234
199236
199239
199235
199240
199231
199238
199237
199232
199241
199243
199247
199244
199250
199246
199245
199249
199248
199242
199254
199258
199259
199253
199255
199257
199256
199252
199260
199251
199264
199267
199269
199266
199262
199268
199263
199265
199270
199261
199276
199273
199272
199271
199278
199274
199279
199277
199275
199280
