312141
312138
312142
312146
312137
312143
312139
312145
312144
312140
312166
312162
312167
312159
312160
312161
312163
312164
312168
312165
314032
314033
314027
314028
314034
314029
314036
314031
314035
314030
314040
314041
314039
314037
314042
314043
314045
314044
314038
314046
314384
314640
314555
314557
314558
314599
314600
314639
314641
314556
315044
314731
314717
314719
314720
314726
314723
314725
314733
314721
314745
314737
314735
314740
314741
314743
314747
314749
314751
314746
314849
314753
314754
314755
314756
314846
314757
314847
314848
314850
314903
314900
314851
314852
314853
314854
314855
314899
314901
314856
315153
315151
315142
315144
315147
315155
315149
315150
315154
315152
315158
315161
315165
315156
315157
315159
315160
315162
315164
315163
315169
315167
315166
315168
315170
315171
315172
315173
315175
315174
315178
315181
315185
315176
315177
315179
315180
315183
315184
315182
315189
315193
315187
315188
315190
315191
315192
315194
315195
315186
315198
315199
315197
315205
315204
315203
315202
315200
315206
315201
315219
315231
315230
315215
315218
315221
315228
315225
315227
315229
424378
315232
315233
315234
315235
315236
315237
315238
315239
315240
315241
315250
315242
315243
315244
315245
315248
315246
315247
315249
315251
315255
315261
315252
315253
315254
315257
315258
315259
315260
315256
316042
315671
315667
315666
315672
315668
315674
315673
315669
315670
315823
315818
315735
315821
315736
315819
315734
315820
315822
315737
315866
315864
315843
315937
315865
315842
315862
315863
315902
315901
450196
450193
450199
450194
450191
450192
450197
450198
450195
315942
316030
315941
316031
315943
315940
316028
315938
316029
315939
316037
316038
316033
316041
316035
316040
316032
316036
316034
316039
316052
316047
316046
316045
316044
316043
316051
316049
316048
316050
316057
316060
316061
316058
316055
316056
316059
316053
316054
316062
316074
316070
316068
316066
316077
316078
316076
316071
316073
316069
316084
316083
316096
316093
316091
316094
316090
316087
316086
316098
316118
316116
316113
316120
316122
316127
316112
316126
316117
316115
316147
316140
316135
316138
316146
316131
316145
316133
316142
316136
316164
316152
316160
316149
316159
316156
316150
316157
316162
316154
316168
316167
316169
316178
316176
316170
316166
316177
316165
316172
316185
316180
316182
316190
316179
316184
316192
316181
316193
316188
480031
316213
316217
316221
316210
316212
316208
316220
316214
316218
316216
316236
316238
316231
316226
316230
316229
316228
316235
316233
316224
316244
316251
316250
316242
316246
316243
316253
316248
316255
316241
316283
316274
316279
316267
316278
316277
316272
316281
316269
316276
316291
316286
316288
316299
316301
316295
316285
316290
316293
316297
