555789
555788
555794
555785
555786
555787
555793
555790
555792
555791
555872
555890
555870
555871
555873
555876
555881
555884
555878
555874
555936
555931
555927
555928
555929
555930
555935
555932
555933
555934
555952
555946
555938
555939
555941
555942
555943
555947
555950
555949
556004
555990
555993
555994
555995
555997
555998
556000
556001
556002
556014
556009
556007
556008
556013
556010
556011
556016
556019
556018
556051
556057
556062
556052
556054
556055
556060
556061
556064
556058
556114
556112
556098
556105
556106
556109
556111
556115
556117
556108
556161
556157
556160
556120
556153
556155
556156
556158
556159
556154
556205
556162
556163
556164
556165
556168
556166
556186
556187
556207
556270
556288
556261
556263
556265
556267
556271
556289
556290
556268
556368
556362
556361
556369
556339
556359
556365
556364
556370
556366
622232
622233
642199
556379
556380
556376
556378
556384
556388
556385
556387
556389
556382
556410
556406
556411
556395
556102
556403
556404
556407
556409
556412
556417
556420
556413
556414
556415
556416
556421
556418
556422
556419
642198
556487
556489
556493
555868
556488
556491
556492
556494
556423
556490
556497
556504
556496
556498
556499
556503
556500
556501
556502
556505
556509
556508
556514
556506
556507
556510
556512
556513
556515
556511
556517
556516
556519
556523
556520
556521
556522
556524
556525
556518
556690
556678
556689
556676
556688
556663
556664
556667
556665
556666
556778
556787
556780
556776
556777
556773
556781
556785
556698
556779
556794
556804
556803
556799
556795
556805
556800
556801
556798
556796
556821
556822
556824
556830
556819
556827
556813
556833
556820
556816
556913
556903
556914
556905
556894
556907
556895
556899
556896
556911
556930
556916
556927
556920
556919
556922
556925
556923
556917
556932
556955
556952
556947
556956
556945
556954
556943
556958
556937
556949
556987
556996
557004
556981
556985
556984
556992
556994
556978
556983
557016
557017
557014
557028
557015
557019
557024
557021
557013
557018
557056
557066
557059
557058
557061
557064
557057
557060
557068
557062
557105
557082
557094
557103
557088
557083
557081
557101
557099
557091
557114
557110
557121
557116
557113
557112
557119
557108
557109
557111
738598
557169
557156
557184
557171
557181
557183
557176
557179
557167
557174
557249
557251
557252
557264
557256
557254
557247
557242
557253
557250
557280
557285
557272
557274
557271
557277
557288
557282
557291
557273
557302
557295
557293
557296
557298
557297
557303
557292
557304
557294
557308
557309
557305
557312
557314
557311
557307
557306
557313
557310
557322
557319
557324
557317
557318
557325
557321
557323
557315
557316
557329
557332
557327
557333
557334
557330
557331
557335
557328
557326
