830011
830009
830002
830003
830004
830005
830007
830008
830010
830006
830087
830082
830089
830080
830081
830084
830085
830088
830086
830083
830091
830096
830090
830092
830093
830095
830097
830098
830099
838494
830110
830101
830102
830103
830104
830105
830106
830107
830171
830108
830118
830113
830111
830112
830114
830116
830280
830119
830120
830115
830127
830125
830129
830121
830123
830124
830126
830128
830130
830122
830134
830138
830131
830132
830133
830135
830136
830137
830140
830139
830149
830144
830141
830142
830143
830145
830147
830148
830150
830146
830151
830152
830153
830154
830155
830156
830157
830158
830159
830160
830167
830163
830169
830161
830162
830164
830166
830168
830170
830165
830184
830175
830176
830177
830178
830179
830180
830181
830183
830182
830188
830190
830193
830185
830186
830187
830189
830192
830194
830191
830197
830198
830195
830196
830199
830200
830202
830201
830203
830204
830207
830210
830213
830205
830206
830208
830209
830212
830214
830211
830217
830218
830215
830216
830219
830222
830220
830221
830224
830223
830225
830230
830226
830227
830228
830232
830231
830233
830234
830229
830238
830242
830244
830235
830236
830237
830239
830241
830243
830240
830248
830249
830246
830247
830250
830253
830251
830252
830255
830254
830278
830276
830256
830271
830272
830273
830275
830277
830279
830274
832335
832337
832200
832338
832327
832297
832346
832339
832356
832341
832398
832776
832710
832729
832734
832707
832771
832727
832773
832713
832861
832840
832848
832843
832855
832851
832858
832852
832850
832846
833089
833099
833075
833090
833091
833088
833101
833087
833076
833095
838348
838340
838349
838346
838343
838341
838342
838347
838345
838344
838354
838358
838355
838357
838352
838356
838351
838353
838350
838359
838360
838367
838364
838362
838369
838363
838361
838366
838365
838368
838380
838372
838373
838377
838379
838371
838375
838376
838370
838374
838385
838381
838387
838390
838383
838388
838386
838389
838382
838384
838394
838393
838392
838396
838399
838400
838397
838391
838398
838395
838404
838407
838402
838403
838405
838410
838401
838409
838406
838408
838419
838415
838412
838416
838417
838418
838411
838413
838414
838420
838425
838424
838422
838428
838427
838429
838421
838426
838423
838430
838440
838438
838434
838431
838433
838436
838437
838432
838439
838435
838451
838447
838450
838449
838453
838448
838445
838446
838444
838452
838461
838463
838460
838456
838462
838455
838457
838459
838454
838458
838466
838470
838469
838471
838467
838464
838465
838473
838468
838472
838481
838478
838480
838477
838479
838474
838475
838482
838483
838476
838486
838490
838489
838484
838488
838492
838487
838491
838493
838485
