1108390
1108398
1108393
1108391
1108392
1108394
1108395
1108396
1108397
1108399
1108639
1108647
1108653
1108637
1108641
1108643
1108645
1108649
1108651
1108655
1108669
1108667
1108673
1108657
1108659
1108661
1108665
1108671
1108675
1108663
1108689
1108685
1108677
1108679
1108681
1108683
1108687
1108691
1108695
1108693
1108713
1108697
1108699
1108701
1108703
1108707
1108709
1108711
1108715
1108705
1108733
1108725
1108717
1108719
1108721
1108723
1108729
1108731
1108735
1108727
1108739
1108747
1108755
1108737
1108741
1108743
1108745
1108751
1108753
1108749
1108763
1108761
1108757
1108759
1108765
1108767
1108771
1108773
1108775
1108769
1108793
1108787
1108795
1108777
1108779
1108781
1108785
1108789
1108791
1108783
1108797
1108799
1108801
1108805
1108807
1108809
1108811
1108813
1108815
1108803
1108823
1108827
1108835
1108817
1108819
1108821
1108825
1108831
1108833
1108829
1108845
1108837
1108839
1108841
1108843
1108847
1108851
1108853
1108855
1108849
1108857
1108859
1108875
1108863
1108865
1108867
1108869
1108871
1108873
1108861
1108895
1108887
1108877
1108879
1108881
1108885
1108889
1108891
1108893
1108883
1108907
1108903
1108915
1108897
1108899
1108901
1108905
1108909
1108911
1108913
1108921
1108919
1108935
1108917
1108923
1108925
1108927
1108929
1108931
1108933
1108939
1108937
1108941
1108945
1108947
1108949
1108951
1108953
1108955
1108943
1264143
1264144
1264146
1264145
1108965
1108975
1108957
1108959
1108961
1108963
1108967
1108971
1108973
1108969
1108993
1108983
1108977
1108979
1108981
1108987
1108989
1108991
1108995
1108985
1108633
1108630
1108632
1108631
1108627
1108635
1108636
1108629
1108628
1108634
1108652
1108654
1108642
1108640
1108638
1108644
1108650
1108646
1108656
1108648
1108672
1108664
1108662
1108676
1108660
1108670
1108666
1108674
1108658
1108668
1289093
1108692
1108686
1108696
1108678
1108688
1108684
1108680
1108682
1108690
1108694
1108716
1108712
1108704
1108700
1108698
1108714
1108706
1108702
1108710
1108708
1108736
1108734
1108730
1108720
1108722
1108732
1108726
1108724
1108718
1108728
1108740
1108746
1108744
1108742
1108756
1108738
1108752
1108754
1108748
1108750
1108764
1108770
1108774
1108776
1108760
1108772
1108758
1108768
1108766
1108762
1108788
1108786
1108794
1108782
1108796
1108780
1108792
1108778
1108790
1108784
1108802
1108804
1108816
1108798
1108810
1108814
1108808
1108800
1108812
1108806
1108818
1108834
1108832
1108822
1108830
1108826
1108836
1108828
1108820
1108824
1108850
1108842
1108848
1108854
1108856
1108838
1108840
1108846
1108844
1108852
1108876
1108872
1108866
1108874
1108864
1108858
1108868
1108860
1108870
1108862
1108894
1108890
1108880
1108892
1108882
1108896
1108884
1108886
1108878
1108888
1108904
1108906
1108900
1108910
1108912
1108916
1108902
1108908
1108898
1108914
1108918
1108930
1108932
1108926
1108928
1108920
1108924
1108922
1108936
1108934
1108954
1108940
1108952
1108938
1108942
1108956
1108946
1108950
1108948
1108944
1108964
1108976
1108970
1108966
1108972
1108968
1108958
1108974
1108962
1108960
1108996
1108986
1108984
1108992
1108980
1108978
1108982
1108994
1108988
1108990
