1437123
1437121
1437114
1437116
1437117
1437118
1437119
1437120
1437122
1437115
1437129
1437125
1437127
1437124
1437126
1437128
1437130
1437131
1437132
1437133
1437137
1437138
1437134
1437135
1437136
1437139
1437140
1437141
1437143
1437142
1437191
1437193
1437195
1437197
1437200
1437202
1437206
1437209
1437211
1437204
1437227
1437232
1437218
1437214
1437216
1437220
1437223
1437229
1437234
1437225
1437256
1437254
1437250
1437236
1437239
1437241
1437243
1437248
1437252
1437245
1437272
1437276
1437263
1437261
1437265
1437267
1437270
1437274
1437278
1437258
1437284
1437296
1437280
1437282
1437286
1437290
1437292
1437298
1437288
1437294
1437310
1437320
1437312
1437316
1437300
1437302
1437304
1437308
1437318
1437306
1437324
1437329
1437326
1437322
1437331
1437333
1437335
1437340
1437342
1437337
1437344
1437346
1437349
1437351
1437353
1437355
1437358
1437360
1437365
1437362
1437374
1437378
1437380
1437367
1437369
1437371
1437382
1437384
1437386
1437376
1437407
1437400
1437396
1437388
1437390
1437392
1437394
1437398
1437404
1437402
1437427
1437420
1437418
1437409
1437411
1437413
1437415
1437422
1437429
1437424
1569208
1437439
1437435
1437443
1437433
1437437
1437441
1437447
1437449
1437431
1437445
1437465
1437469
1437457
1437451
1437453
1437455
1437463
1437467
1437461
1437459
1437475
1437483
1437481
1437471
1437473
1437477
1437479
1437485
1437487
1437489
1588094
1588095
1617609
1437501
1437491
1437493
1437495
1437497
1437503
1437505
1437507
1437509
1437499
1437529
1437511
1437513
1437515
1437517
1437519
1437521
1437523
1437527
1437525
1437163
1437161
1437165
1437166
1437162
1437167
1437169
1437160
1437168
1437164
1437170
1437172
1437171
1437175
1437179
1437177
1437174
1437178
1437176
1437173
1437183
1437184
1437182
1437180
1437186
1437185
1437181
1437189
1437187
1437190
1437208
1437198
1437213
1437201
1437205
1437210
1437194
1437196
1437192
1437203
1437235
1437226
1437217
1437215
1437228
1437222
1437231
1437219
1437224
1437233
1437255
1437253
1437242
1437244
1437249
1437240
1437251
1437257
1437238
1437246
1437275
1437264
1437271
1437273
1437279
1437277
1437260
1437269
1437262
1437266
1437281
1437287
1437285
1437293
1437291
1437283
1437299
1437297
1437289
1437295
1437321
1437315
1437309
1437305
1437319
1437307
1437311
1437303
1437301
1437317
1437330
1437332
1437323
1437343
1437341
1437327
1437339
1437325
1437334
1437336
1437352
1437361
1437366
1437354
1437356
1437359
1437345
1437363
1437350
1437348
1437370
1437377
1437381
1437383
1437375
1437385
1437373
1437387
1437368
1437379
1437395
1437408
1437397
1437391
1437403
1437389
1437405
1437393
1437399
1437401
1437426
1437428
1437419
1437423
1437410
1437412
1437421
1437414
1437417
1437430
1437436
1437450
1437434
1437438
1437442
1437440
1437446
1437448
1437444
1437432
1437460
1437458
1437456
1437464
1437470
1437452
1437466
1437454
1437468
1437462
1437472
1437484
1437488
1437474
1437476
1437480
1437486
1437482
1437490
1437478
1437498
1437496
1437492
1437504
1437508
1437494
1437510
1437502
1437506
1437500
1437512
1437520
1437528
1437516
1437514
1437518
1437526
1437522
1437530
1437524
