1840783
1840771
1840777
1840767
1840769
1840773
1840775
1840779
1840781
1840785
2013935
2013937
2013985
2013941
2013943
2013945
2013947
2013939
2013981
2013983
1840801
1840789
1840797
1840787
1840791
1840793
1840795
1840799
1840805
1840803
1840811
1840815
1840807
1840823
1840809
1840813
1840817
1840821
1840825
1840819
1841535
1841507
1841511
1841515
1841519
1841523
1841527
1841531
1841539
1841543
1841551
1841571
1841575
1841563
1841583
1841547
1841555
1841559
1841567
1841579
1841619
1841595
1841607
1841587
1841591
1841603
1841611
1841615
1841623
1841599
1841635
1841655
1841659
1841639
1841627
1841631
1841643
1841647
1841663
1841651
1841675
1841683
1841687
1841699
1841671
1841679
1841691
1841695
1841703
1841667
1841723
1841707
1841711
1841715
1841719
1841727
1841733
1841737
1841741
1841745
1841757
1841777
1841765
1841781
1841749
1841761
1841769
1841773
1841785
1841753
1841821
1841817
1841801
1841789
1841793
1841797
1841805
1841809
1841825
1841813
2150162
2149658
1841845
1841837
1841853
1841829
1841865
1841833
1841841
1841849
1841857
1841861
1841905
1841885
1841893
1841869
1841881
1841901
1841873
1841877
1841897
1841889
1841925
1841929
1841943
1841913
1841909
1841917
1841921
1841933
1841947
1841937
1841983
1841967
1841963
1841975
1841951
1841955
1841959
1841987
1841971
1841979
1841999
1842003
1842019
1841991
1841995
1842007
1842011
1842027
1842015
1842023
1842063
1842043
1842067
1842031
1842035
1842039
1842047
1842051
1842059
1842055
1842071
1842095
1842075
1842079
1842083
1842087
1842091
1842107
1842099
1842103
1842139
1842111
1842115
1842143
1842127
1842131
1842135
1842147
1842119
1842123
1841461
1841465
1841463
1841447
1841455
1841457
1841453
1841459
1841449
1841451
1841477
1841475
1841467
1841473
1841485
1841483
1841481
1841469
1841479
1841471
2372353
2372355
2372357
2372361
1841493
1841497
1841501
1841505
1841503
1841489
1841499
1841491
1841487
1841495
2372359
2404028
1841509
1841533
1841541
1841529
1841521
1841537
1841517
1841525
1841545
1841513
2404026
2404024
1841577
1841553
1841561
1841585
1841573
1841565
1841549
1841581
1841569
1841557
1841617
1841601
1841613
1841621
1841605
1841609
1841589
1841625
1841593
1841597
1841657
1841645
1841661
1841633
1841641
1841649
1841653
1841629
1841665
1841637
1841681
1841673
1841697
1841693
1841677
1841701
1841685
1841689
1841669
1841705
1841735
1841725
1841713
1841743
1841717
1841729
1841709
1841747
1841739
1841721
1841779
1841787
1841751
1841775
1841783
1841763
1841755
1841759
1841771
1841767
1841811
1841807
1841819
1841827
1841823
1841791
1841799
1841803
1841795
1841815
1841867
1841847
1841831
1841835
1841863
1841839
1841843
1841859
1841851
1841855
1841891
1841887
1841899
1841879
1841903
1841883
1841871
1841895
1841907
1841875
1841927
1841931
1841941
1841911
1841919
1841935
1841945
1841949
1841923
1841915
2616556
2616558
2616560
2616566
2616570
2616572
2616574
2616564
2616568
2616562
1841989
1841961
1841953
1841973
1841965
1841977
1841985
1841969
1841957
1841981
1842001
1841993
1842025
1842009
1842021
1842005
1841997
1842029
1842013
1842017
1842061
1842057
1842037
1842069
1842053
1842041
1842049
1842065
1842033
1842045
1842085
1842073
1842109
1842097
1842105
1842077
1842081
1842089
1842093
1842101
1842121
1842113
1842133
1842141
1842117
1842149
1842129
1842137
1842125
1842145
