2892339
2892343
2892349
2892347
2892335
2892337
2892341
2892353
2892351
2892345
2892373
2892357
2892375
2892359
2892361
2892363
2892365
2892367
2892369
2892371
2892387
2892383
2892377
2892393
2892379
2892381
2892385
2892389
2892391
2892395
2893027
2893019
2893031
2892999
2893003
2893007
2893011
2893015
2893035
2893023
2893047
2893063
2893039
2893043
2893051
2893055
2893059
2893067
2893075
2893071
2893107
2893095
2893115
2893079
2893083
2893087
2893099
2893103
2893111
2893091
2893123
2893131
2893147
2893151
2893119
2893127
2893143
2893155
2893135
2893139
2893179
2893183
2893163
2893159
2893167
2893175
2893187
2893191
2893195
2893171
2893231
2893211
2893203
2893199
2893207
2893219
2893227
2893235
2893215
2893223
2893267
2893239
2893243
2893247
2893255
2893259
2893263
2893271
2893275
2893251
2893295
2893291
2893303
2893315
2893279
2893283
2893287
2893299
2893311
2893307
2893323
2893351
2893343
2893327
2893331
2893335
2893339
2893347
2893355
2893319
2893375
2893379
2893391
2893359
2893363
2893367
2893371
2893395
2893387
2893383
2893419
2893399
2893407
2893427
2893431
2893435
2893415
2893403
2893423
2893411
2893443
2893459
2893467
2893471
2893439
2893451
2893455
2893463
2893475
2893447
2893479
2893503
2893511
2893487
2893495
2893499
2893515
2893491
2893507
2893483
2893559
2893543
2893531
2893519
2893527
2893535
2893539
2893547
2893555
2893551
2893583
2893571
2893575
2893595
2893563
2893567
2893579
2893591
2893599
2893587
2893603
2893623
2893639
2893607
2893611
2893615
2893619
2893627
2893635
2893631
2892941
2892953
2892957
2892945
2892955
2892939
2892951
2892947
2892943
2892949
2892967
2892977
2892969
2892973
2892971
2892963
2892959
2892975
2892961
2892965
2892979
2892983
2892993
2892985
2892989
2892981
2892987
2892991
2892995
2892997
2893009
2893033
2893013
2893021
2893017
2893029
2893025
2893001
2893005
2893037
2893049
2893061
2893053
2893041
2893073
2893057
2893065
2893069
2893077
2893045
2893109
2893105
2893097
2893085
2893117
2893113
2893089
2893081
2893093
2893101
2893133
2893125
2893149
2893157
2893153
2893121
2893137
2893141
2893145
2893129
2893181
2893185
2893189
2893161
2893165
2893177
2893169
2893197
2893193
2893173
2893213
2893225
2893221
2893229
2893217
2893205
2893233
2893237
2893201
2893209
2893277
2893261
2893245
2893253
2893269
2893241
2893249
2893273
2893257
2893265
3670003
2893313
2893289
2893317
2893293
2893285
2893309
2893305
2893281
2893297
2893301
2893353
2893357
2893341
2893349
2893325
2893345
2893329
2893321
2893333
2893337
2893393
2893369
2893361
2893373
2893365
2893389
2893397
2893385
2893381
2893377
2893401
2893413
2893425
2893409
2893433
2893421
2893437
2893405
2893429
2893417
2893441
2893477
2893469
2893453
2893457
2893465
2893473
2893449
2893461
2893445
2893489
2893505
2893509
2893513
2893501
2893497
2893485
2893517
2893481
2893493
2893529
2893549
2893533
2893541
2893553
2893557
2893545
2893561
2893525
2893537
2893573
2893585
2893601
2893581
2893577
2893593
2893597
2893565
2893569
2893589
2893621
2893609
2893617
2893629
2893625
2893641
2893637
2893613
2893633
2893605
