4152991
4153003
4152993
4152987
4152995
4152997
4152999
4153001
4153005
4152989
4157269
4157273
4157277
4157263
4157265
4157267
4157271
4157275
4157279
4157281
4157287
4157293
4157299
4157283
4157285
4157289
4157291
4157301
4157297
4157295
4157307
4157311
4157313
4157321
4157303
4157305
4157309
4157315
4157319
4157317
4157341
4157323
4157325
4157329
4157331
4157333
4157335
4157337
4157339
4157327
4157391
4157395
4157401
4157383
4157385
4157387
4157393
4157399
4157397
4157389
4157447
4157449
4157457
4157443
4157445
4157455
4157459
4157461
4157451
4157453
4157517
4157505
4157515
4157503
4157507
4157509
4157511
4157513
4157519
4157521
4157579
4157569
4157575
4157563
4157565
4157567
4157571
4157577
4157581
4157573
4157343
4157345
4157347
4157349
4157351
4157353
4157355
4157357
4157361
4157359
4157415
4157411
4157413
4157409
4157405
4157407
4157417
4157421
4157419
4157403
4157467
4157475
4157473
4157463
4157465
4157469
4157479
4157481
4157471
4157477
4157525
4157529
4157531
4157527
4157535
4157537
4157539
4157541
4157523
4157533
4157601
4157593
4157587
4157583
4157585
4157589
4157595
4157597
4157591
4157599
4157363
4157371
4157373
4157375
4157365
4157367
4157377
4157379
4157381
4157369
4157423
4157425
4157427
4157429
4157433
4157439
4157441
4157431
4157437
4157435
4157493
4157487
4157485
4157483
4157489
4157495
4157497
4157499
4157501
4157491
4157545
4157547
4157551
4157557
4157543
4157549
4157555
4157559
4157561
4157553
4157613
4157605
4157621
4157603
4157607
4157609
4157615
4157619
4157617
4157611
4157661
4157667
4157659
4157651
4157663
4157653
4157665
4157657
4157669
4157655
4157677
4157681
4157685
4157683
4157675
4157687
4157689
4157673
4157671
4157679
4157709
4157691
4157707
4157701
4157699
4157697
4157703
4157693
4157695
4157705
4157711
4157719
4157725
4157713
4157723
4157727
4157721
4157717
4157715
4157729
4157731
4157735
4157737
4157743
4157739
4157749
4157733
4157741
4157745
4157747
4157805
4157801
4157795
4157793
4157803
4157791
4157809
4157807
4157797
4157799
4157857
4157869
4157855
4157853
4157851
4157865
4157867
4157863
4157861
4157859
4157923
4157913
4157915
4157927
4157917
4157929
4157911
4157919
4157921
4157925
4157977
4157987
4157981
4157971
4157985
4157973
4157975
4157979
4157983
4157989
4157763
4157767
4157757
4157753
4157751
4157759
4157769
4157755
4157761
4157765
4157827
4157817
4157813
4157821
4157811
4157819
4157815
4157823
4157825
4157829
4157871
4157877
4157889
4157881
4157887
4157879
4157873
4157885
4157875
4157883
4157933
4157931
4157943
4157945
4157941
4157947
4157949
4157939
4157935
4157937
4157993
4157991
4158009
4157999
4157997
4158007
4158003
4158001
4157995
4158005
4157775
4157785
4157787
4157773
4157789
4157779
4157777
4157781
4157771
4157783
4157843
4157835
4157845
4157831
4157847
4157841
4157833
4157849
4157837
4157839
4157903
4157909
4157893
4157905
4157901
4157899
4157897
4157891
4157907
4157895
4157969
4157961
4157963
4157951
4157953
4157955
4157965
4157957
4157967
4157959
4158025
4158011
4158023
4158015
4158019
4158029
4158013
4158027
4158017
4158021
