5784358
5784366
5784354
5784362
5784356
5784360
5784364
5784368
5784370
5784372
5784376
5784402
5784410
5784374
5784378
5784382
5784404
5784406
5784408
5784380
5785780
5785786
5785782
5785784
5785790
5785792
5785778
5785796
5785788
5785794
5785800
5785798
5785802
5785804
5785806
5785808
5785812
5785814
5785816
5785810
5785830
5785818
5785832
5785820
5785822
5785826
5785834
5785824
5785836
5785828
5785842
5785848
5785838
5785846
5785852
5785854
5785856
5785844
5785840
5785850
5785872
5785874
5785862
5785858
5785860
5785866
5785870
5785876
5785868
5785864
5785882
5785892
5785894
5785880
5785884
5785896
5785878
5785886
5785890
5785888
5785914
5785898
5785900
5785902
5785904
5785908
5785910
5785912
5785916
5785906
5785928
5785922
5785930
5785920
5785932
5785934
5785936
5785926
5785918
5785924
5785956
5785954
5785938
5785940
5785942
5785948
5785950
5785944
5785946
5785952
5785958
5785966
5785974
5785960
5785964
5785970
5785972
5785976
5785968
5785962
5785996
5785982
5785978
5785980
5785984
5785988
5785990
5785986
5785992
5785994
5786002
5786014
5786016
5786010
5785998
5786004
5786012
5786008
5786000
5786006
5786032
5786028
5786026
5786024
5786034
5786036
5786018
5786030
5786022
5786020
5786040
5786048
5786054
5786050
5786044
5786038
5786042
5786052
5786056
5786046
5786068
5786076
5786060
5786062
5786064
5786070
5786072
5786074
5786058
5786066
5786094
5786096
5786086
5786078
5786080
5786082
5786084
5786090
5786092
5786088
5786102
5786112
5786108
5786098
5786100
5786104
5786110
5786114
5786116
5786106
5786132
5786126
5786118
5786134
5786122
5786120
5786128
5786130
5786136
5786124
5786142
5786140
5786146
5786138
5786150
5786152
5786144
5786156
5786148
5786154
5786174
5786166
5786158
5786170
5786160
5786176
5786162
5786172
5786168
5786164
6673690
5786182
5786192
5786180
5786186
5786184
5786194
5786178
5786190
5786196
5786188
5786198
5786204
5786202
5786210
5786208
5786200
5786216
5786214
5786212
5786206
6685983
6706679
5786228
5786222
5786234
5786236
5786232
5786218
5786226
5786220
5786230
5786224
6706676
5786240
5786246
5786250
5786252
5786244
5786238
5786256
5786248
5786242
5786254
5786264
5786262
5786276
5786260
5786272
5786270
5786258
5786268
5786266
5786274
5786290
5786280
5786294
5786284
5786292
5786286
5786278
5786296
5786288
5786282
5786308
5786316
5786304
5786318
5786298
5786310
5786306
5786300
5786312
5786302
5786320
5786330
5786328
5786322
5786338
5786324
5786326
5786334
5786332
5786336
5786342
5786348
5786356
5786358
5786354
5786344
5786340
5786352
5786350
5786346
5786370
5786374
5786366
5786362
5786378
5786364
5786372
5786368
5786360
5786376
5786390
5786380
5786382
5786384
5786394
5786386
5786398
5786388
5786396
5786392
5786408
5786414
5786406
5786410
5786400
5786418
5786402
5786412
5786416
5786404
5786422
5786432
5786426
5786436
5786420
5786434
5786424
5786430
5786428
5786438
5786448
5786450
5786452
5786446
5786454
5786444
5786442
5786458
5786456
5786440
5786470
5786468
5786474
5786462
5786460
5786464
5786466
5786476
5786478
5786472
5786488
5786492
5786498
5786482
5786484
5786490
5786494
5786496
5786486
5786480
