6829812
6829815
6829807
6829809
6829811
6829810
6829814
6829816
6829808
6829813
6830058
6830065
6830067
6830056
6830059
6830063
6830054
6830053
6830066
6830049
6830055
6830050
6830061
6830051
6830062
6830052
6830077
6830060
6830057
6830064
6830074
6830072
6830070
6830081
6830079
6830078
6830073
6830071
6830069
6830083
6830106
6830068
6830075
6830080
6830085
6830082
6830086
6830076
6830087
6830084
6830099
6830101
6830094
6830091
6830089
6830098
6830096
6830092
6830093
6830095
6830088
6830100
6830102
6830104
6830107
6830118
6830103
6830097
6830090
6830105
6830120
6830116
6830112
6830111
6830114
6830115
6830109
6830122
6830119
6830113
6830123
6830108
6830126
6830124
6830125
6830127
6830134
6830110
6830117
6830121
6830131
6830132
6830135
6830136
6830129
6830133
6830143
6830141
6830137
6830142
6830147
6830138
6830130
6830128
6830139
6830145
6830156
6830146
6830140
6830144
6830154
6830157
6830159
6830149
6830152
6830155
6830163
6830153
6830150
6830162
6830160
6830166
6830158
6830148
6830161
6830151
6830165
6830164
6830168
6830167
6830326
6830316
6830298
6830302
6830334
6830323
6830301
6830321
6830325
6830318
6830345
6830348
6830343
6830331
6830328
6830349
6830338
6830340
6830347
6830332
6830336
6830361
6830363
6830365
6830351
6830355
6830356
6830357
6830372
6830374
6968531
6830369
6830370
6830366
6830411
6830395
6830400
6830393
6830402
6830404
6830398
6830409
6830424
6830406
6830425
6830413
6830416
6830419
6830422
6830408
6830415
6830430
6830429
6830441
6830440
6830426
6830427
6830431
6830432
6830433
6830434
6830173
6830171
6830177
6830176
6830175
6830178
6830169
6830172
6830174
6830170
6830179
6830184
6830190
6830183
6830182
6830181
6830192
6830203
6830180
6830204
6830198
6830200
6830194
6830197
6830201
6830193
6830191
6830195
6830199
6830196
6830224
6830186
6830208
6830185
6830202
6830187
6830188
6830223
6830189
6830205
6830210
6830214
6830211
6830212
6830215
6830206
6830213
6830207
6830209
6830216
6830221
6830227
6830220
6830226
6830225
6830219
6830230
6830217
6830218
6830222
6830233
6830229
6830238
6830232
6830237
6830231
6830228
6830234
6830235
6830236
6830264
6830247
6830240
6830239
6830241
6830242
6830243
6830244
6830245
6830263
6830250
6830256
6830248
6830253
6830251
6830246
6830255
6830249
6830254
6830252
6830275
6830280
6830258
6830261
6830260
6830259
6830276
6830274
6830257
6830262
6830267
6830284
6830277
6830281
6830278
6830279
6830266
6830265
6830282
6830283
6830286
6830268
6830272
6830270
6830273
6830285
6830269
6830315
6830287
6830271
6830295
6830290
6830293
6830294
6830291
6830292
6830297
6830288
6830296
6830289
6830327
6830335
6830320
6830319
6830324
6830303
6830322
6830299
6830300
6830317
6830330
6830346
6830339
6830342
6830344
6830341
6830329
6830350
6830354
6830333
6830364
6830358
6830352
6830337
6830375
6830362
6830373
6830360
6830359
6830353
6830403
6830412
6830371
6830368
6830394
6830401
6830396
6830399
6830397
6830367
6830407
6830418
6830405
6830423
6830414
6830417
6830421
6830410
6830428
6830420
6830437
6830443
6830435
6830445
6830444
6830436
6830446
6830442
6830439
6830438
