7140728
7140719
7140725
7140721
7140723
7140720
7140724
7140722
7140727
7140726
7141988
7141985
7141987
7141986
7141984
7141989
7141997
7141991
7141992
7141990
7141994
7142001
7141995
7141999
7141998
7141993
7141996
7142003
7142000
7142002
7142015
7142014
7142013
7142021
7142019
7142016
7142018
7142022
7142020
7142017
7142011
7142008
7142009
7142023
7142010
7142005
7142006
7142007
7142004
7142012
7142032
7142031
7142029
7142033
7142026
7142025
7142028
7142024
7142027
7142030
7142036
7142039
7142040
7142043
7142038
7142035
7142041
7142034
7142037
7142042
7142059
7142053
7142051
7142054
7142052
7142055
7142058
7142056
7142060
7142057
7142046
7142049
7142044
7142048
7142063
7142064
7142061
7142047
7142045
7142050
7142066
7142072
7142067
7142065
7142062
7142074
7142073
7142069
7142068
7142070
7142077
7142082
7142078
7142075
7142071
7142083
7142080
7142079
7142081
7142076
7142092
7142087
7142090
7142086
7142088
7142095
7142098
7142085
7142089
7142094
7142113
7142100
7142097
7142099
7142112
7142111
7142114
7142093
7142091
7142096
7142110
7142102
7142108
7142107
7142101
7142103
7142106
7142109
7142105
7142104
7142120
7142117
7142119
7142115
7142121
7142122
7142123
7142116
7142118
7142127
7142232
7142239
7142230
7142229
7142238
7142231
7142235
7142237
7142234
7142233
7142247
7142245
7142241
7142248
7142236
7142240
7142243
7142246
7142242
7142244
7142255
7142259
7142263
7142258
7142257
7142260
7142256
7142261
7142266
7142262
7298504
7298503
7142252
7142265
7142253
7142264
7142268
7142250
7142249
7142254
7142251
7142267
7310221
7142128
7142124
7142134
7142125
7142130
7142126
7142131
7142133
7142129
7142132
7142158
7142142
7142141
7142136
7142139
7142140
7142135
7142137
7142138
7142157
7142147
7142154
7142146
7142155
7142150
7142151
7142152
7142153
7142149
7142148
7142166
7142163
7142159
7142164
7142167
7142162
7142165
7142168
7142160
7142161
7142173
7142176
7142175
7142172
7142169
7142171
7142170
7142178
7142177
7142174
7142179
7142183
7142181
7142180
7142182
7142190
7142188
7142185
7142184
7142187
7142189
7142193
7142191
7142194
7142186
7142196
7142197
7142195
7142192
7142198
7142201
7142208
7142199
7142207
7142202
7142205
7142200
7142203
7142206
7142204
7142221
7142220
7142225
7142219
7142216
7142215
7142218
7142222
7142217
7142224
7142227
7142226
7142228
7142213
7142223
7142212
7142214
7142210
7142209
7142211
7142278
7142272
7142274
7142276
7142269
7142273
7142271
7142275
7142277
7142270
7142288
7142280
7142279
7142282
7142283
7142285
7142286
7142284
7142281
7142287
7142293
7142291
7142299
7142300
7142289
7142297
7142292
7142294
7142290
7142295
7142316
7142303
7142302
7142296
7142318
7142301
7142317
7142314
7142298
7142315
7142307
7142308
7142310
7142309
7142312
7142311
7142305
7142306
7142304
7142313
7142325
7142323
7142324
7142330
7142320
7142332
7142321
7142326
7142327
7142322
7142335
7142340
7142329
7142331
7142328
7142333
7142337
7142334
7142338
7142336
7142355
7142357
7142356
7142359
7142358
7142353
7142339
7142354
7142345
7142342
7142346
7142347
7142352
7142349
7142351
7142348
7142344
7142350
7142341
7142343
