7497930
7497928
7497934
7497927
7497931
7497932
7497933
7497936
7497935
7497929
7497940
7497946
7497947
7497948
7497939
7497943
7497941
7497944
7497942
7497945
7497956
7497960
7497955
7497952
7497950
7497954
7497957
7497958
7497953
7497951
7624340
7659682
7498030
7498033
7498031
7498032
7498035
7498034
7498036
7498038
7498029
7498028
7498042
7498040
7498039
7498043
7498044
7498045
7498041
7498037
7498046
7498047
7498051
7498056
7498052
7498055
7498048
7498049
7498053
7498054
7498373
7498050
7498074
7498073
7498078
7498057
7498072
7498060
7498370
7498374
7498059
7498058
7498071
7498372
7498064
7498076
7498077
7498063
7498376
7498066
7498079
7498080
7498062
7498067
7498082
7498068
7498065
7498070
7498371
7498375
7498069
7498061
7498086
7498084
7498081
7498087
7498088
7498083
7498075
7498102
7498113
7498107
7498100
7498106
7498095
7498097
7498089
7498117
7498110
7498091
7498096
7498099
7498085
7498123
7498134
7498101
7498090
7498104
7498118
7498092
7498094
7498119
7640968
7498145
7498109
7498098
7498105
7498138
7498122
7498114
7498128
7498111
7498093
7498121
7498112
7498116
7498115
7498132
7498142
7498127
7498157
7498148
7498103
7498147
7498161
7498130
7498108
7498125
7498139
7498171
7498141
7498120
7498133
7498131
7498140
7498124
7498173
7498144
7498136
7498154
7498170
7498155
7498126
7498175
7498160
7498178
7498163
7498146
7498143
7498159
7498151
7498129
7498137
7498152
7498135
7498176
7498166
7498167
7498174
7498156
7498162
7498181
7498169
7498172
7498190
7498158
7498153
7498164
7498165
7498177
7498179
7498168
7498199
7498198
7498188
7498189
7498183
7498180
7498186
7498185
7498184
7498182
7498187
7498192
7498191
7498200
7498195
7498193
7498208
7498201
7498194
7498197
7498196
7498202
7498210
7498204
7498206
7498205
7498216
7498215
7498209
7498203
7498220
7498234
7498219
7498217
7498207
7498218
7498221
7498211
7498213
7498212
7498214
7498232
7498222
7498224
7498225
7498227
7498229
7498233
7498226
7498245
7498230
7498241
7498228
7498236
7498235
7498239
7498223
7498252
7498243
7498231
7498237
7498248
7498250
7498240
7498249
7498253
7498270
7498244
7498238
7498242
7498251
7735632
7498256
7498267
7498258
7498266
7498254
7498259
7498273
7498265
7498261
7498257
7744574
7744571
7744568
7744572
7744573
7754243
7744569
7498255
7498269
7498271
7498260
7498268
7498272
7498295
7498263
7498262
7498264
7498289
7498288
7498294
7498293
7498274
7498286
7498291
7498287
7498292
7498290
7498278
7498283
7498285
7498279
7498284
7498275
7498276
7498280
7498281
7498282
7498312
7498297
7498298
7498303
7498308
7498307
7498302
7498310
7498301
7498317
7498316
7498304
7498382
7498305
7498313
7498300
7498296
7498299
7498306
7498309
7498318
7498319
7498311
7498320
7498321
7498327
7498315
7498377
7498322
7498314
7498350
7498342
7498337
7498381
7498329
7498349
7498341
7498338
7498339
7498326
7498378
7498340
7498346
7498334
7498328
7498348
7498344
7498333
7498336
7498325
7498347
7498332
7498335
7498331
7498324
7498330
7498356
7498380
7498343
7498345
7498361
7498367
7498379
7498353
7498358
7498352
7498366
7498368
7498359
7498363
7498364
7498369
7498354
7498383
7498351
7498355
7498362
7498357
7498360
7498365
