7900718
7900716
7900714
7900723
7900724
7900717
7900715
7900732
7900725
7900722
7936004
7935927
7900826
7900829
7900835
7900825
7900828
7900831
7900830
7900832
7900839
7900827
7900833
7900834
7900840
7900842
7900836
7900838
7900837
7900841
7900850
7900845
7900852
7900846
7900851
7900849
7900847
7900844
7900853
7900843
7900848
7900858
7900874
7900862
7900857
7900855
7900867
7900860
7900859
7900856
7900861
7900863
7900870
7900888
7900871
7900873
7900869
7900872
7900875
7900877
7900890
7900866
7900891
7900882
7900892
7900887
7900893
7900895
7900889
7900885
7900904
7900908
7900920
7900899
7900919
7900903
7900898
7900905
7900902
7900911
7900909
7900912
7900921
7900918
7900944
7900925
7900924
7900927
7900923
7900917
7900929
7900942
7900943
7900940
7900951
7900947
7900946
7900935
7900952
7900932
7900939
7900945
7900879
7900906
7900883
7900958
7900868
7900878
7900984
7900897
7900854
7900913
7900928
7900931
7900915
7900979
7900864
7900884
7900901
7900886
7901003
7900880
7900954
7900894
7901001
7900934
7900865
7900922
7901033
7900907
7900948
7900900
7900957
7900941
7900926
7901034
7900967
7901045
7900982
7900916
7900910
7900876
7900987
7900949
7900881
7901044
7900983
7900938
7901055
7901000
7900966
7900930
7900950
7901032
7901006
7901018
7901056
7901068
7900985
7900968
7900896
7900965
7901065
7900986
7901009
7900969
7901077
7901046
7900988
7900914
7901035
7901040
7901054
7900989
7901075
7901007
7901036
7901017
7900933
7901084
7901042
7901049
7900956
7901039
7901061
7901038
7901043
7901063
7901059
7901092
7901019
7901083
7901074
7901048
7901069
7900976
7901105
7901047
7901070
7901095
7901041
7901058
7901002
7901086
7901060
7901057
7901114
7901067
7901076
7901103
7901050
7901079
7901078
7901123
7901072
7901098
7901085
7901089
7901066
7901062
7901113
7901031
7900953
7900962
7900961
7900964
7900959
7900974
7900963
7900977
7900960
7900955
7900981
7900973
7900971
7900970
7900991
7900975
7900980
7900972
7900996
7900978
7900994
7900998
7900992
7900997
7900990
7900993
7901008
7900995
7900999
7901010
8153219
7901004
7901014
7901029
7901012
7901015
7901011
7901023
7901016
7901005
7901013
7901030
7901020
7901022
7901026
7901037
7901027
7901021
7901024
7901028
7901025
7901122
7901051
7901106
7901090
7901135
7901099
7901071
7901096
7901087
7901080
7901108
7901081
7901134
7901141
7901094
7901097
7901064
7901104
7901116
7901091
7901107
7901100
7901115
7901125
7901088
7901145
7901156
7901073
7901118
7901110
7901119
7901162
7901126
7901101
7901082
7901152
7901117
7901132
7901109
7901130
7901171
7901129
7901137
7901133
7901127
7901112
7901093
7901143
7901120
7901164
7901128
7901144
7901121
7901102
7901139
7901148
7901154
7901173
7901182
7901138
7901157
7901147
7901131
7901158
7901163
7901181
7901140
7901187
7901149
7901111
7901160
7901124
7901192
7901142
7901155
7901175
7901150
7901168
7901186
7901166
7901191
7901159
7901136
7901165
7901200
7901174
7901178
7901151
7901176
7901170
7901146
7901161
7901190
7901172
7901177
7901169
7901202
7901185
7901183
7901201
7901189
7901204
7901153
7901184
7901203
7901180
7901193
7901179
7901167
7901188
