8337618
8337617
8337615
8337616
8337619
8337621
8337622
8337620
8337624
8337623
8337672
8337657
8337666
8337668
8337667
8337669
8337664
8337651
8337673
8337648
8337659
8337654
8337658
8337653
8337652
8337671
8337670
8337674
8337656
8337655
8337634
8337642
8337635
8337649
8337639
8337662
8337650
8337638
8337660
8337636
8337647
8337665
8337643
8337663
8337644
8337645
8337646
8337661
8337628
8337625
8337630
8337632
8337637
8337629
8337627
8337641
8337633
8337626
8337640
8337631
8337678
8337688
8337980
8337987
8337954
8337679
8337922
8337982
8337689
8337958
8446404
8337949
8337956
8337925
8337951
8338000
8337971
8337691
8337920
8338002
8337975
8338010
8337944
8337921
8337974
8337927
8337952
8337965
8337687
8337972
8337983
8337999
8337690
8338007
8337978
8337926
8337994
8338011
8337969
8337953
8337955
8337948
8337684
8337981
8337976
8337973
8337695
8337988
8337696
8337918
8337964
8337960
8337681
8337692
8337991
8338006
8337947
8337979
8337984
8338008
8337997
8337693
8337946
8337699
8338001
8337694
8337963
8337919
8337989
8337676
8337945
8337967
8337966
8337703
8337705
8338004
8337995
8337701
8337990
8337916
8337700
8337704
8337682
8337698
8337986
8337950
8338003
8337697
8337677
8337998
8337961
8337959
8337680
8337923
8337992
8337917
8338009
8337957
8337977
8337968
8337683
8337962
8337928
8337685
8337924
8337686
8337985
8337996
8337993
8337702
8337970
8337901
8337805
8337881
8337822
8337844
8337865
8337791
8337789
8337788
8337787
8337706
8337905
8337709
8337910
8337707
8337909
8337711
8337708
8337712
8337710
8337824
8337837
8337840
8337863
8337893
8337829
8337886
8337796
8337786
8337807
8337833
8337902
8337934
8337857
8337880
8337808
8337932
8337820
8337826
8337794
8337941
8337793
8337790
8337842
8337939
8337823
8337847
8337809
8337900
8337876
8337848
8337828
8337864
8337856
8337843
8337897
8337852
8337831
8337813
8337846
8337854
8337937
8337853
8337816
8337882
8337795
8337849
8337830
8337814
8337892
8337819
8337870
8337860
8337797
8337855
8337869
8675003
8675006
8675005
8675004
8337904
8337895
8337940
8337867
8595864
8595866
8597654
8595863
8595865
8595867
8678844
8678848
8678846
8678849
8678843
8678847
8678852
8678851
8678845
8678850
8678887
8678881
8678884
8678882
8678879
8678883
8678888
8678880
8678886
8678885
8678899
8678900
8678901
8678902
8678907
8678905
8678908
8678906
8678903
8678904
8678919
8678915
8678912
8678910
8678916
8678914
8678911
8678917
8678918
8678913
8678924
8678922
8678927
8678928
8678929
8678925
8678926
8678923
8678930
8678921
8679071
8679074
8679072
8679067
8679069
8679068
8679065
8679073
8679070
8679066
8679123
8679120
8679118
8679119
8679121
8679124
8679122
8679127
8679125
8679126
8679137
8679138
8679136
8679139
8679141
8679142
8679140
8679145
8679143
8679144
8679156
8679158
8679162
8679160
8679157
8679163
8679155
8679161
8679159
8679154
8712830
8712825
8712827
8712831
8712824
8712826
8712828
8712832
8712833
8712829
8679251
8679246
8679249
8679248
8679245
8679252
8679250
8679253
8679247
8679254
8679264
8679260
8679265
8679258
8679266
8679262
8679263
8679259
8679261
8679257
