8970319
8970316
8970317
8970311
8970313
8970312
8970315
8970318
8970314
8970310
8970340
8970351
8970333
8970344
8970335
8970343
8970348
8970334
8970337
8970345
8970336
8970350
8970342
8970341
8970339
8970338
8970347
8970349
8970346
8970702
9100900
9378964
9397946
8970405
8970438
8970368
8970706
8970416
8970415
8970443
8970441
8970362
8970381
8970410
8970408
8970364
8970417
8970418
8970683
8970366
8970444
8970694
8970358
8970435
8970695
8970442
8970703
8970690
8970380
8970413
8970412
8970439
8970402
8970437
8970431
8970360
8970406
8970708
8970414
8970396
8970693
8970367
8970407
8970379
8970400
8970365
8970687
8970409
8970356
8970378
8970434
8970376
8970705
8970698
8970393
8970399
8970430
8970692
8970678
8970363
8970394
8970404
8970680
8970685
8970403
8970377
8970354
8970359
8970682
8970388
8970428
8970429
8970433
9242148
8970426
8970432
8970361
8970375
8970425
8970691
8970398
8970401
8970677
8970397
8970686
8970681
8970392
8970422
8970387
8970355
8970391
8970427
8970372
8970696
8970374
8970370
8970689
8970382
8970676
8970357
8970395
8970386
8970421
8970385
8970353
8970419
8970679
8970707
8970704
8970384
8970688
8970390
8970423
8970424
8970369
8970675
8970389
8970420
8970440
8970697
8970383
8970411
8970371
8970684
8970668
8970673
8970672
8970674
8970665
8970670
8970667
8970650
8970671
8970666
8970649
8970652
8970646
8970655
8970663
8970657
8970660
8970647
8970664
8970659
8970640
8970661
8970635
8970628
8970644
8970658
8970641
8970662
8970656
8970669
8970637
8970651
8970639
8970653
8970636
8970645
8970643
8970642
8970638
8970648
8970625
8970618
8970621
8970624
8970616
8970654
8970617
8970615
8970619
8970626
8970634
8970630
8970503
8970631
8970632
8970633
8970627
8970485
8970496
8970629
8970487
8970511
8970497
8970499
8970495
8970502
8970500
8970498
8970501
8970504
8970484
8970512
8970483
8970477
8970480
8970478
8970475
8970508
8970505
8970482
8970486
8970493
8970476
8970490
8970489
8970491
8970488
8970457
8970494
8970492
9365740
8970470
8970465
8970469
8970463
8970462
8970461
8970474
8970466
8970473
8970471
9493206
8970450
8970445
8970467
8970447
8970468
8970481
8970479
8970451
8970453
8970472
8970452
8970449
8970455
8970448
8970458
8970446
8970460
8970464
8970459
8970454
8970560
8970456
8970561
8970563
8970556
8970559
8970557
8970570
8970562
8970558
9423207
8970566
8970568
8970565
8970572
8970567
8970573
8970537
8970541
8970543
8970574
8970554
8970547
8970555
8970546
8970550
8970551
8970552
8970545
8970553
8970538
8970534
8970533
8970532
8970548
8970526
8970564
8970549
8970530
8970529
8970531
8970528
8970544
8970527
8970539
8970540
8970525
8970536
8970513
8970542
8970535
8970507
8970506
8970514
8970516
8970509
8970524
8970522
8970523
8970510
8970515
8970596
8970599
8970600
8970609
8970605
8970520
8970521
8970519
8970518
8970517
8970614
8970606
8970607
8970620
8970623
8970610
8970611
8970613
8970612
8970608
8970622
8970586
8970602
8970588
8970591
8970593
8970589
8970594
8970592
8970590
8970576
8970597
8970598
8970587
8970583
8970569
8970595
8970604
8970603
8970601
8970582
8970577
8970575
8970581
8970578
8970580
8970579
8970584
8970571
8970585
