9644905
9644908
9644907
9644900
9644901
9644906
9644899
9644903
9644904
9644902
9644930
9644928
9644939
9644935
9644933
9644932
9644942
9644926
9644929
9644938
9644943
9644945
9644936
9644940
9644934
9644941
9644937
9644927
9644931
9644944
9644956
9644948
9644950
9644955
9644953
9644957
9644952
9644959
9644958
9644954
9644963
9644962
9644961
9644966
9644967
9644960
9644968
9644965
9644964
9644969
9644982
9644987
9644977
9644985
9644980
9644986
9644979
9644989
9644978
9644984
9645002
9644983
9644981
9645112
9645003
9644976
9645418
9645111
9645441
9645229
9645436
9645232
9645004
9645251
9645265
9645110
9645113
9645254
9645237
9644999
9644996
9645221
9644995
9645240
9645000
9645406
9644994
9645209
9645001
9645238
9644991
9644988
9645421
9645109
9644993
9644992
9645249
9644997
9644998
9644990
9645156
9645133
9645139
9645117
9645127
9645116
9645122
9645123
9645124
9645126
9645138
9645189
9645144
9645141
9645182
9645129
9645184
9645131
9645128
9645135
9645188
9645193
9645186
9645192
9645178
9645187
9645194
9645175
9645180
9645185
9645191
9645190
9645172
9645183
9645169
9645171
9645167
9645164
9645170
9645166
9645163
9645179
9645176
9645165
9645181
9645173
9645174
9645168
9645152
9645177
9645145
9645153
9645146
9645150
9645161
9645155
9645154
9645148
9645149
9645151
9645160
9645159
9645115
9645125
9645119
9645158
9645157
9645130
9645162
9645134
9645147
9645140
9645118
9645121
9645120
9645143
9645142
9645137
9645132
9645136
9645212
9645215
9645267
9645208
9645405
9645236
9645407
9645398
9645060
9645239
10226891
9645420
9645095
9645270
9645100
9645207
9645096
9645230
9645443
9645233
9645206
10226857
10226858
10226860
10226862
10269142
9645107
9645090
9645415
9645271
9645092
9645438
9645083
9645085
9645108
9645093
9645413
9645427
9645397
9645263
9645726
9645440
9645104
9645102
9645222
9645103
9645412
9645727
9645416
9645272
9645723
9645729
9645260
9645741
9645740
9645257
9645211
9645414
9645266
9645224
9645399
9645262
9645252
9645435
9645244
9645444
9645724
9645419
9645210
9645242
9645404
9645401
9645432
9645213
9645430
9645408
9645243
9645431
9645227
9645216
9645722
9645725
9645731
9645269
9645433
9645225
9645402
9645235
9645256
9645434
9645228
9645234
9645730
9645429
9645437
9645268
9645417
9645076
9645077
9645241
9645214
9645259
9645255
9645074
9645400
9645226
9645087
9645084
9645088
9645069
9645070
9645073
9645080
9645075
9645081
9645063
9645056
9645055
9645058
9645059
9645072
9645052
9645079
9645057
9645054
9645078
9645066
9645062
9645067
9645071
9645053
9645410
9645061
9645068
9645065
9645064
9645220
9645261
9645428
9645442
9645217
9645411
9645253
9645409
9645218
9645439
9645098
9645097
9645219
9645099
9645086
9645403
9645264
9645223
9645094
9645422
9645106
9645101
9645231
9645114
9645250
9645091
9645082
9645089
9645258
9645105
9645046
9645024
9645045
9645201
9645029
9645199
9645042
9645038
9645019
9645021
9645030
9645050
9645044
9645020
9645043
9645049
9645034
9645025
9645047
9645203
9645027
9645022
9645023
9645033
9645040
9645041
9645035
9645032
9645028
9645017
9645051
9645202
9645018
9645037
9645026
9645036
9645200
9645039
9645048
9645031
