10411195
10411198
10411197
10411196
10411201
10411200
10411202
10411199
10411194
10411193
10411756
10411747
10411724
10411743
10411722
10411725
10411732
10411730
10411718
10411739
10411765
10411764
10411731
10411736
10411766
10411748
10411742
10411751
10411728
10411757
10411738
10411770
10411772
10411775
10411768
10411771
10411745
10411777
10411750
10411752
10411395
10411393
10411408
10411406
10411400
10411409
10411430
10411397
10411401
10411437
10411454
10411407
10411451
10411440
10411438
10411455
10411450
10411431
10411429
10411405
10411472
10411445
10411478
10411460
10411457
10411442
10411446
10411468
10411465
10411447
10411469
10411487
10411459
10411479
10411475
10411481
10411476
10411464
10411485
10411482
10411496
10411499
10411504
10411517
10411492
10411495
10411515
10411497
10411491
10411507
10411513
10411529
10411525
10411502
10411510
10411535
10411536
10411506
10411533
10411516
10411548
10411546
10411541
10411523
10411537
10411521
10411524
10411555
10411528
10411543
10411553
10411564
10411566
10411547
10411542
10411561
10411569
10411552
10411567
10411550
10411581
10411579
10411572
10411575
10411576
10411571
10411568
10411587
10411578
10411574
10411590
10411591
10411585
10411588
10411593
10411580
10411586
10411589
10411584
10411582
10411600
10411605
10411595
10411594
10411598
10411592
10411599
10411596
10411604
10411609
10411612
10411601
10411603
10411606
10411611
10411607
10411602
10411597
10411610
10411608
10411618
10411614
10411615
10411613
10411616
10411623
10411632
10411617
10411629
10411620
10411624
10411626
10411621
10411619
10411636
10411625
10411634
10411633
10411627
10411631
10411622
10411642
10411637
10411647
10411635
10411640
10411641
10411628
10411630
10411643
10411638
10411645
10411656
10411654
10411639
10411644
10411648
10411646
10411652
10411653
10411659
10411651
10411649
10411674
10411660
10411662
10411666
10411657
10411655
10411661
10411676
10411672
10411650
10411665
10411677
10411668
10411663
10411664
10411658
10411680
10411671
10411686
10411673
10411670
10411667
10411669
10411683
10411679
10411675
10411681
10411696
10411687
10411684
10411689
10411695
10411678
10411698
10411688
10411682
10411685
10411690
10411703
10411694
10411706
10411705
10411700
10411702
10411691
10411692
10411701
10411709
10411699
10411708
10411715
10411697
10411719
10411693
10411713
10411704
10411716
10411733
10411707
10411740
10411723
10411721
10411726
10411714
10411711
10411712
10411710
10411717
10411741
10411754
10411720
10411746
10411744
10411729
10411727
10411734
10411735
10411758
10411753
10411755
10411767
10411761
10411762
10411749
10411760
10411773
10411763
10411778
10411404
10411776
10411737
10411759
10411769
10411412
10411399
10411410
10411774
10411394
10411434
10411433
10411411
10411398
10411448
10411403
10411432
10411396
10411402
10411449
10411444
10411439
10411441
10411458
10411436
10411453
10411443
10411456
10411435
10411466
10411477
10411467
10411488
10411470
10411463
10411452
10411462
10411461
10411484
10411483
10411501
10411480
10411486
10411503
10411471
10411474
10411473
10411505
10411494
10411512
10411511
10411500
10411490
10411493
10411498
10411520
10411489
10411509
10411508
10411527
10411514
10411518
10411534
10411538
10411526
10411531
10411522
10411519
10411530
10411565
10411540
10411559
10411539
10411558
10411556
10411544
10411549
10411532
10411545
10411570
10411583
10411560
10411551
10411554
10411562
10411557
10411563
10411573
10411577
