11407335
11407336
11407337
11407338
11407340
11407341
11407339
11407343
11407342
11407334
11407346
11407352
11407347
11407351
11407345
11407348
11407350
11407353
11407354
11407344
11407362
11407361
11407356
11407364
11407355
11407360
11407358
11407363
11407357
11407359
11407371
11407370
11407368
11407365
11407367
11407372
11407366
11407373
11407374
11407369
11407381
11407379
11407380
11407382
11407378
11407377
11407375
11407384
11407376
11407383
11407391
11407385
11407386
11407389
11407390
11407392
11407394
11407387
11407393
11407388
11407398
11407399
11407401
11407396
11407404
11407395
11407400
11407402
11407403
11407397
11407406
11407412
11407409
11407410
11407408
11407413
11407407
11407411
11407405
11407414
11407418
11407423
11407422
11407420
11407416
11407421
11407415
11407419
11407424
11407417
11407427
11407434
11407431
11407429
11407425
11407432
11407428
11407433
11407426
11407430
11407441
11407438
11407440
11407436
11407435
11407442
11407437
11407443
11407444
11407439
11407453
11407446
11407450
11407448
11407451
11407452
11407445
11407454
11407449
11407447
11407464
11407455
11407462
11407457
11407458
11407459
11407463
11407461
11407460
11407456
11407470
11407466
11407467
11407469
11407468
11407465
11407474
11407472
11407471
11407473
11407481
11407479
11407475
11407480
11407478
11407482
11407484
11407483
11407477
11407476
11407488
11407490
11407492
11407493
11407491
11407487
11407494
11407486
11407489
11407485
11407496
11407503
11407500
11407502
11407497
11407495
11407504
11407498
11407499
11407501
11407507
11407513
11407508
11407511
11407505
11407506
11407514
11407509
11407512
11407510
11407515
11407518
11407517
11406909
11407521
11407516
11407522
11406893
11407520
11407519
11406896
11406901
11406898
11406903
11406900
11406894
11406895
11406899
11406892
11406897
11406908
11406911
11406904
11406906
11406913
11406905
11406907
11406912
11406910
11930405
11406884
11406881
11406885
11406887
11406880
11406882
11406888
11406886
11406883
11406889
11406869
11406866
11406873
11406868
11406891
11406871
11406870
11406890
11406867
11406872
11406879
11406856
11406878
11406854
11406858
11406855
11406876
11406875
11406877
11406874
11406839
11406862
11406840
11406861
11406863
11406864
11406857
11406842
11406860
11406865
11406841
11406851
11406850
11406845
11406846
11406843
11406847
11406849
11406848
11406844
11406829
11406832
11406833
11406830
11406827
11406853
11406826
11406852
11406831
11406828
11406813
11406836
11406821
11406834
11406838
11406802
11406820
11406837
11406835
11406811
11406817
11406819
11406800
11406825
11406823
11406818
11406822
11406807
11406824
11406815
11406806
11406814
11406810
11406809
11406804
11406799
11406801
11406816
11406808
11406805
11406812
11406790
11406791
11406787
11406794
11406793
11406788
11406792
11406795
11406796
11406797
11406803
11406798
11406773
11406776
11406774
11406777
11406775
11406780
11406783
11406779
11406781
11406784
11406785
11406782
11406786
11406789
11406764
11406761
11406762
11406759
11406758
11406766
11406770
11406767
11406778
11406771
11406768
11406769
11406772
11406743
11406746
11406745
11406750
11406752
11406751
11406754
11406753
11406757
11406755
11406760
11406765
11406763
11406756
11406741
11406734
11406740
11406728
11406739
11406738
11406747
11406749
11406727
11406742
11406732
11406731
11406737
11406736
11406744
11406721
11406730
11406729
11406725
11406726
11406723
11406724
11406722
11406733
11406735
11406748
