42719
42723
42715
42717
42716
42718
42722
42721
42724
42720
43396
43395
43400
43397
43399
43401
43402
43398
43394
43393
44064
44063
44062
44103
44059
44058
44061
44065
44060
44057
45775
45774
45778
45772
45776
45773
45781
45780
45779
45777
46969
46966
46963
46971
46961
46965
46967
46968
46970
46964
48170
48174
48173
48167
48175
48171
48172
48166
48168
48169
50371
50367
50370
50374
50372
50373
50376
50369
50368
50375
51928
51929
51931
51930
51935
51934
51927
51936
51932
51933
53102
53093
53094
53099
53098
53096
53101
53100
53097
53095
53149
53152
53151
53148
53146
53145
53154
53147
53153
53150
53904
53903
53901
53897
53899
53902
53898
53906
53900
53905
55696
55699
55706
55697
55702
55701
55703
55700
55698
55705
56292
56274
56275
56295
56273
56293
56291
56294
56289
56290
57454
57452
57450
57448
57447
57455
57449
57453
57451
57456
57695
57691
57698
57692
57693
57696
57697
57699
57694
57700
58241
58242
58248
58239
58243
58247
58238
58244
58240
58246
59785
59780
59787
59778
59782
59779
59786
59784
59783
59781
64181
64183
64185
64186
64182
64180
64179
64187
64184
64188
66946
66950
66952
66949
66947
66961
66951
66962
66948
66963
67636
67641
67639
67638
67637
67633
67635
67634
67640
67642
68264
68254
68260
68262
68252
68258
68257
68253
68255
68256
69367
69407
69402
69405
69404
69403
69368
69401
69366
69406
70481
70480
70483
70485
70489
70479
70487
70484
70482
70486
71985
71984
71978
71980
71977
71983
71981
71982
71979
71986
73158
73156
73155
73161
73157
73160
73159
73154
73163
73162
74207
74209
74210
74206
74203
74202
74168
74208
74205
74204
75286
75291
75284
75287
75292
75281
75289
75283
75294
75290
76701
76697
76700
76702
76699
76696
76703
76695
76698
76704
78130
78134
78136
78127
78138
78132
78131
78129
78133
78135
79475
79478
79477
79470
79480
79476
79472
79473
79474
79479
83295
80786
80785
80795
80787
80793
80792
80784
80788
80782
80790
82241
82240
82246
82198
82245
82243
82244
82242
82247
82199
83543
83548
83545
83547
83551
83546
83550
83563
83549
83544
86512
86514
86511
86510
86517
86515
86518
86516
86513
86519
87589
87587
87591
87586
87585
87594
87592
87590
87593
87588
90002
90004
89999
90003
90005
90006
90000
90007
90008
90001
91549
91544
91540
91548
91543
91547
91541
91546
91545
91542
92574
92570
92568
92571
92572
92573
92575
92569
92567
92566
