112099
112096
112095
112097
112094
112102
112098
112100
112101
112103
112104
112107
112111
112105
112108
112112
112109
112106
112113
112110
112115
112116
112123
112118
112117
112122
112119
112121
112120
112114
112126
112129
112127
112131
112128
112125
112133
112132
112124
112130
112141
112135
112134
112137
112138
112136
112140
112143
112139
112142
112144
112152
112148
112146
112150
112147
112153
112151
112149
112145
112155
112154
112158
112156
112160
112159
112161
112162
112157
112163
112166
112164
112173
112165
112168
112171
112170
112169
112172
112167
112177
112215
112176
112195
112213
112212
112192
112214
112174
112175
112219
112218
112216
112220
112224
112223
112225
112222
112217
112226
112237
112241
112229
112243
112239
112247
112235
112245
112230
112233
112285
112289
112287
112286
112288
112291
112294
112292
112293
112290
112300
112296
112302
112299
112295
112303
112301
112298
112297
112304
112305
112306
112309
112307
112314
112310
112313
112311
112308
112312
112461
112467
112466
112463
112462
112468
112465
112470
112464
112469
112472
112475
112471
112479
112480
112474
112478
112473
112476
112477
112481
112486
112482
112488
112487
112484
112483
112489
112490
112485
112499
112495
112491
112500
112498
112494
112493
112497
112496
112492
112505
112504
112503
112509
112508
112501
112510
112507
112502
112506
112830
112823
112829
112824
112827
112831
112825
112832
112828
112826
112840
112841
112836
112838
112835
112842
112843
112839
112837
112834
112853
112846
112849
112847
112851
112848
112845
112852
112844
112850
112860
112854
112861
112857
112859
112858
112863
112862
112856
112855
112869
112865
112872
112868
112866
112870
112867
112864
112873
112871
112882
112884
112883
112879
112881
112885
112887
112886
112877
112880
112892
112891
112889
112893
112890
112896
112895
112897
112894
112888
112902
112898
112907
112903
112905
112904
112899
112906
112901
112900
112911
112909
112910
112912
112915
112914
112916
112913
112908
112917
112920
112924
112921
112922
112926
112925
112923
112918
112919
112927
167680
112967
112988
112966
112947
112948
112928
112985
112986
112987
112929
112997
112994
112996
112990
112998
112995
112992
112989
112991
112993
113006
113005
113003
112999
113008
113004
113007
113002
113001
113000
113016
113012
113014
113017
113011
113018
113013
113009
113010
113015
113025
113028
113022
113020
113027
113023
113026
113021
113019
113024
113053
113054
113050
113051
113030
113055
113032
113031
113029
113052
113060
113056
113063
113064
113059
113058
113062
113057
113061
113065
113089
113088
113085
113091
113090
113087
113083
113092
113084
113086
113094
113098
113095
113097
113120
113100
113118
113096
113122
113093
