185016
185015
185010
185018
185013
185014
185017
185019
185011
185012
188880
188875
188873
188876
188878
188881
188877
188872
188879
188874
188882
188890
188887
188884
188885
188888
188893
188883
188886
188891
188903
188901
189111
189190
189197
189110
188900
188898
188896
207583
189212
189207
189204
189201
189202
189210
189211
189214
189208
189205
189222
189226
189219
189221
189231
189224
189217
189216
189229
189227
189242
189237
189245
189244
189247
189234
189236
189239
189233
189241
189446
189256
189254
189255
189258
189259
189257
189251
189261
189260
189263
189267
189268
189265
189269
189271
189264
189262
189266
189270
189298
189297
189274
189293
189294
189301
189303
189291
189302
189299
189322
189328
189316
189319
189318
189326
189321
189320
189317
189306
189348
189340
189350
189342
189347
189343
189346
189349
189344
189351
189367
189358
189369
189362
189366
189370
189359
189361
189364
189363
189392
189419
189401
189379
189403
189400
189420
189417
189377
189378
189424
189429
189432
189427
189430
189433
189425
189426
189431
189428
189439
189437
189436
189440
189438
189443
189435
189434
189441
189442
189449
189448
189451
189453
189445
189454
189450
189447
189444
189455
189465
189463
189459
189462
189467
189468
189470
189458
189456
189469
189473
189471
189477
189482
189485
189488
189481
189475
189479
189486
189506
189514
189507
189512
189515
189505
189503
189513
189509
189511
189518
189521
189524
189522
189520
189525
189517
189516
189523
189519
189533
189534
189529
189532
189535
189531
189528
189526
189530
189527
189538
189545
189541
189539
189542
189540
189543
189537
189544
189536
189546
189554
189550
189547
189548
189549
189555
189553
189551
189552
189564
189558
189561
189559
189562
189560
189557
189556
189563
189565
189568
189566
189574
189570
189569
189572
189575
189571
189567
189573
189580
189579
189576
189581
189582
189583
189577
189578
189584
189585
189592
189591
189586
189588
189590
189595
189587
189593
189594
189589
189600
189601
189602
189599
189603
189605
189597
189596
189598
189604
189606
189613
189611
189609
189610
189612
189615
189607
189614
189608
189621
189618
189620
189622
189619
189623
189625
189616
189624
189617
189635
189630
189636
189631
189638
189634
189632
189637
189628
189627
189643
189646
189644
189642
189648
189640
189641
189639
189645
189647
189649
189655
189652
189654
189651
189653
189656
189658
189657
189650
257010
189662
189660
189663
189665
189666
189664
189661
189659
189667
189668
189674
189677
189671
189675
189673
189676
189670
189669
189672
189678
189683
189686
189679
189685
189688
189680
189684
189681
189687
189682
189698
189692
189693
189697
189696
189694
189689
189699
189691
189695
