283218
283213
283222
283220
283219
283215
283214
283217
283221
283216
283359
283235
283236
283238
283232
283228
283234
283233
283231
283225
283240
283247
283248
283252
283251
283250
283239
283241
283249
283242
283257
283258
283262
283259
283261
283255
283253
283256
283254
283260
283269
283265
283333
283263
283299
283267
283264
283266
283268
283298
283367
283365
283372
283370
283361
283374
283362
283360
283369
283363
283380
283378
283381
283385
283387
283379
283382
283384
283386
283383
283393
283397
283394
283395
283392
283388
283390
283389
283396
283391
283398
283400
283402
283406
283401
283403
283405
283399
283404
283407
283410
283417
283414
283411
283413
283416
283409
283408
283415
283412
283436
283437
283438
283430
283428
283433
283435
283431
283432
283434
283442
283440
283444
283441
283443
283445
283447
283439
283449
283452
283458
283464
283454
283463
283466
283461
283456
283460
283465
283462
283470
283477
283476
283472
283469
283471
283473
283474
283467
283475
283485
283483
283484
283481
283480
283486
283482
283487
283478
283479
283495
283494
283491
283488
283490
283492
283493
283497
283496
283489
283499
283501
283512
283514
283498
283502
283504
283500
283513
283503
283528
283523
283529
283524
283526
283527
283532
283530
283525
283531
283535
283539
283542
283534
283538
283536
283537
283541
283533
283540
283548
283544
283549
283551
283545
436856
283546
283543
283550
283547
283560
436990
283565
283564
283568
283566
283561
283563
283562
283567
283572
283573
283578
283575
283577
283571
283569
283570
283576
283574
283583
283580
283585
283581
283579
283588
283587
283582
283586
283584
283591
283593
283597
283594
283590
283598
283592
283589
283596
283595
283607
283605
283606
283602
283599
283600
283608
283601
283604
283603
283609
283614
283616
283613
283615
283618
283611
283610
283612
283617
283627
283621
283623
283626
283622
283619
283825
283620
283624
283625
283629
283628
283637
283632
283630
283631
283633
283636
283634
283635
283642
283647
283643
283638
283639
283641
283644
283646
283645
283640
283656
283649
283658
283650
283654
283651
283653
283655
283652
283657
283660
283668
283665
283659
283661
283663
283664
283666
283669
283662
283674
283715
283707
283691
283697
283708
283712
283738
283694
283717
283762
283770
283764
283768
283759
283769
283772
283767
283758
283774
283796
283795
283792
283783
283777
283781
283785
283788
283780
283790
283822
283805
457419
283829
283801
283817
283816
283820
283832
283803
283850
283858
283836
283854
283841
283844
283847
283860
283839
283856
283872
283864
283879
283884
283875
283877
283890
283881
283892
283870
283903
283897
283910
283901
283902
283895
283899
283906
283907
283904
