535527
535525
535532
535523
535529
535526
535524
535531
535530
535528
535631
535630
535634
535629
535637
535638
535635
535632
535633
535628
587787
535644
535645
535640
535646
535647
535643
535641
535642
535648
535639
535658
535649
535654
535657
535651
535656
535650
535653
535652
535655
535668
535667
535664
535660
535662
535663
535666
535661
535659
535665
535669
535670
535673
535671
535678
535675
535674
535672
535676
535677
535687
535682
535680
535685
535681
535686
535684
535679
535688
535683
535698
535689
535691
535697
535692
535695
535694
535693
535696
535690
535707
535704
535700
535703
535705
535708
535706
535701
535702
535709
535712
535718
535715
535714
535716
535711
535719
535710
535717
535713
535729
535730
535720
535722
535725
535727
535728
535723
535724
535726
535735
535739
535732
535738
535737
535734
535733
535736
535740
535731
535746
535751
535750
535752
535742
535743
535747
535741
535749
535745
535753
535763
535759
535760
535756
535762
535754
535757
535755
535761
535770
535771
535764
535767
535772
535768
535773
535765
535766
535769
535778
535780
535779
535776
535782
535775
535783
535774
535777
535781
535785
535794
535793
535787
535788
535791
535784
535786
535790
535795
535803
535799
535800
535797
535805
535804
535798
535801
535802
535796
535813
535815
535808
535814
535806
535807
535812
535809
535811
535810
557345
557341
557342
557339
557336
557343
557344
557338
557340
557337
557346
557353
557354
557350
557348
557349
557355
557352
557347
557351
557361
557363
557359
557358
557362
557357
557365
557360
557356
557364
557374
557370
557366
557368
557375
557371
557367
557369
557372
557373
557385
557382
557376
557380
557377
557381
557384
557379
557383
557378
557394
557386
557389
557395
557392
557388
557390
557391
557387
557393
557397
557405
557403
557404
557402
557396
557401
557400
557398
557399
557414
557407
557410
557413
557409
557411
557412
557406
557415
557408
557424
557420
557422
557425
557423
557421
557419
557417
557418
557416
557434
557426
557429
557427
557430
557432
557433
557428
557435
557431
557441
557438
557439
557444
557442
557440
557443
557446
557445
557447
557453
557457
557454
557449
557450
557455
557456
557451
557448
557452
557465
557462
557464
557463
557461
557467
557460
557459
557466
557458
557470
557473
557472
557468
557471
557474
557477
557469
557476
557475
557483
557487
557482
557480
557486
557478
557481
557484
557479
557485
557491
557493
557489
557496
557492
557497
557488
557490
557494
557495
557502
557499
557505
557507
557498
557506
557500
557503
557504
557501
557510
557517
557512
557515
557513
557516
557508
557509
557514
557511
557525
557518
557522
557524
557526
557519
557521
557520
557523
557527
