821264
821271
821262
821263
821268
821270
821267
821265
821266
821269
821704
821694
821703
821702
821693
821707
821697
821706
821705
821692
821712
821713
821710
821711
821720
821719
821714
821721
821718
821717
821731
821737
821735
821729
821732
821730
821726
821736
821727
821728
821745
821746
821744
821741
821742
821740
821748
821747
821749
821743
821776
821772
821780
821769
821777
821778
821768
821771
821767
821774
821788
821789
821785
821792
821790
821784
821791
821793
821787
821786
821801
821797
821802
821795
821800
821803
821794
821796
821799
821798
821808
821809
821806
821813
821810
821805
821804
821812
821807
821811
821817
821816
821821
821819
821822
821820
821823
821818
821815
821814
821826
821833
821828
821830
821831
821824
821827
821832
821829
821825
821838
821839
821836
821841
821844
821842
821845
821847
821837
821843
821852
821861
821856
821857
821859
821855
821854
821853
821860
821858
821877
821870
821867
821874
821872
821875
821873
821876
821878
821868
821891
821879
821885
821887
821881
821884
821883
821882
821880
821888
821896
821905
821900
821898
821901
821899
821902
821903
821897
821904
821910
821908
821906
821907
821915
821909
821914
821913
821911
821912
821921
821918
821927
821919
821922
821923
821925
821924
821926
821920
821930
821931
821932
821935
821929
821934
821933
821928
821937
821936
821956
821954
821943
821952
821947
821957
821949
821951
821953
821955
821959
821965
821960
821966
821961
821967
821964
821962
821958
821963
821974
821972
821971
821968
821976
821969
821970
821975
821973
821977
821992
821984
821979
821980
821981
821990
821989
821986
821983
821982
821998
821999
822000
821997
822001
822002
821994
821995
821996
822003
822007
822010
822006
822005
822014
822013
822012
822008
822004
822011
822022
822023
822024
822035
822031
822037
822033
822017
822020
822018
822050
822058
822061
822054
822066
822063
822051
822065
822059
822055
822094
822083
822101
822081
822103
822098
822104
822088
822086
822096
822122
822123
822126
822119
822117
822120
822124
822125
822115
822128
822133
822135
822136
822139
822137
822140
822134
822141
822132
822138
822149
822150
822144
822147
822145
822148
822151
822146
822143
822152
822159
822154
822158
822157
822162
822153
822161
822155
822156
822160
822186
822185
822177
822188
822190
822181
822183
822182
822179
822189
822203
822211
822205
822210
822206
822208
822213
822214
822217
822216
822235
822226
822224
822234
822227
822232
822230
822229
822225
822237
822244
822243
822241
822250
822245
822246
822248
822247
822242
822251
822261
822262
822255
822257
822260
822259
822258
822256
822253
822254
822279
822273
822271
822280
822278
822274
822272
822275
822277
822276
