1090619
1090623
1090620
1090627
1090621
1090622
1090626
1090624
1090625
1090628
1090639
1090638
1090631
1090635
1090630
1090637
1090634
1090633
1090636
1090632
1090640
1090643
1090649
1090644
1090648
1090647
1090642
1090645
1090641
1090646
1090654
1090659
1090658
1090650
1090655
1090652
1090651
1090653
1090657
1090656
1090722
1090721
1090728
1090726
1090727
1090719
1090723
1090724
1090725
1090720
1106644
1106651
1106649
1106648
1106646
1106647
1106643
1106642
1106650
1106645
1106654
1106655
1106660
1106653
1106661
1106657
1106659
1106652
1106656
1106658
1106668
1106666
1106664
1106667
1106669
1106665
1106663
1106662
1106671
1106670
1106676
1106679
1106673
1106677
1106674
1106678
1106680
1106672
1106681
1106675
1106687
1106683
1106690
1106688
1106691
1106689
1106685
1106686
1106692
1106684
1106697
1106693
1106698
1106699
1106696
1106700
1106694
1106695
1106702
1106701
1106705
1106711
1106703
1106710
1106706
1106708
1106704
1106712
1106709
1106707
1106713
1106716
1106719
1106718
1106717
1106722
1106721
1106714
1106715
1106720
1106731
1106728
1106730
1106729
1106725
1106732
1106727
1106723
1106726
1106724
1106737
1106741
1106734
1106740
1106738
1106742
1106733
1106736
1106735
1106739
1106749
1106747
1106745
1106748
1106744
1106746
1106750
1106743
1106752
1106751
1106754
1106755
1106757
1106760
1106759
1106762
1106753
1106758
1106761
1106756
1106770
1106772
1106766
1106767
1106763
1106771
1106765
1106769
1106764
1106768
1106776
1106775
1106781
1106780
1106774
1106777
1106778
1106779
1106773
1106782
1106784
1106790
1106783
1106791
1106789
1106787
1106786
1106785
1106792
1106788
1106799
1106801
1106794
1106800
1106795
1106793
1106796
1106797
1106798
1106802
1106809
1106804
1106805
1106803
1106810
1106812
1106808
1106807
1106811
1106806
1106814
1106822
1106817
1106816
1106813
1106818
1106819
1106821
1106815
1106820
1106829
1106825
1106832
1106831
1106827
1106828
1106824
1106823
1106826
1106830
1106835
1106842
1106836
1106834
1106833
1106838
1106839
1106837
1106840
1106841
1106848
1106847
1106845
1106852
1106850
1106844
1106843
1106851
1106846
1106849
1106858
1106856
1106854
1106857
1106855
1106853
1106859
1106860
1106862
1106861
1106866
1106864
1106871
1106870
1106869
1106865
1106863
1106872
1106867
1106868
1106873
1106880
1106882
1106877
1106876
1106881
1106875
1106874
1106878
1106879
1106892
1106889
1106883
1106890
1106886
1106884
1106885
1106891
1106888
1106887
1106893
1106894
1106895
1106896
1106899
1106900
1106898
1106902
1106897
1106901
1106903
1106904
1106905
1106906
1106912
1106907
1106911
1106908
1106909
1106910
1106914
1106918
1106916
1106919
1106913
1106915
1106917
1106921
1106920
1106922
1106927
1106930
1106929
1106928
1106932
1106926
1106923
1106925
1106924
1106931
1106940
1106933
1106934
1106936
1106938
1106939
1106937
1106935
1106941
1106942
1106947
1106946
1106943
1106948
1106952
1106944
1106950
1106945
1106949
1106951
1106961
1106960
1106953
1106962
1106955
1106956
1106954
1106957
1106958
1106959
1106971
1106963
1106968
1106966
1106970
1106965
1106972
1106969
1106964
1106967
