1423198
1423200
1423202
1423201
1423203
1423205
1423204
1423199
1423206
1423197
1424602
1424603
1424609
1424601
1424606
1424604
1424600
1424607
1424605
1424608
1424617
1424619
1424610
1424618
1424612
1424616
1424613
1424611
1424614
1424615
1424620
1424629
1424628
1424627
1424621
1424623
1424622
1424625
1424626
1424624
1424631
1424637
1424630
1424636
1424638
1424639
1424634
1424633
1424632
1424635
1424642
1424649
1424641
1424646
1424644
1424648
1424643
1424645
1424640
1424647
1424653
1424650
1424656
1424657
1424658
1424659
1424655
1424651
1424652
1424654
1424661
1424666
1424660
1424665
1424669
1424663
1424667
1424662
1424664
1424668
1424670
1424675
1424671
1424678
1424677
1424676
1424673
1424674
1424672
1424679
1424687
1424688
1424684
1424689
1424686
1424680
1424683
1424682
1424685
1424681
1424693
1424695
1424692
1424696
1424698
1424699
1424697
1424690
1424694
1424691
1424702
1424703
1424704
1424709
1424707
1424708
1424705
1424700
1424706
1424701
1424711
1424710
1424716
1424717
1424719
1424718
1424715
1424714
1424712
1424713
1424727
1424724
1424723
1424722
1424726
1424720
1424729
1424721
1424725
1424728
1424730
1424731
1424737
1424735
1424738
1424739
1424736
1424732
1424734
1424733
1424747
1424746
1424740
1424745
1424744
1424741
1424743
1424748
1424742
1424749
1424756
1424755
1424757
1424752
1424754
1424758
1424759
1424753
1424750
1424751
1424767
1424763
1424766
1424764
1424760
1424762
1424768
1424761
1424765
1424769
1424772
1424774
1424778
1424771
1424777
1424773
1424775
1424770
1424776
1424779
1424785
1424782
1424783
1424788
1424786
1424784
1424780
1424789
1424787
1424781
1424796
1424794
1424790
1424798
1424792
1424795
1424791
1424799
1424797
1424793
1424807
1424800
1424805
1424809
1424803
1424806
1424801
1424804
1424808
1424802
1424812
1424811
1424814
1424813
1424817
1424815
1424819
1424816
1424818
1424810
1424821
1424827
1424822
1424826
1424824
1424828
1424825
1424823
1424820
1424829
1424833
1424839
1424832
1424830
1424837
1424834
1424838
1424835
1424831
1424836
1424849
1424842
1424843
1424847
1424848
1424841
1424844
1424840
1424845
1424846
1424850
1424851
1424854
1424855
1424859
1424857
1424853
1424852
1424856
1424858
1424864
1424865
1424860
1424868
1424869
1424866
1424867
1424863
1424861
1424862
1424870
1424872
1424875
1424879
1424876
1424878
1424877
1424874
1424873
1424871
1424884
1424881
1424882
1424889
1424887
1424888
1424886
1424880
1424885
1424883
1424894
1424893
1424890
1424897
1424899
1424898
1424895
1424896
1424892
1424891
1424900
1424909
1424902
1424903
1424908
1424907
1424905
1424904
1424906
1424901
1424913
1424914
1424915
1424918
1424910
1424919
1424916
1424917
1424911
1424912
1424922
1424924
1424927
1424921
1424926
1424928
1424929
1424920
1424923
1424925
1424936
1424931
1424939
1424937
1424934
1424938
1424932
1424930
1424935
1424933
1424946
1424947
1424948
1424941
1424940
1424945
1424943
1424944
1424949
1424942
1424950
1424957
1424959
1424956
1424952
1424954
1424953
1424958
1424955
1424951
1424966
1424968
1424960
1424965
1424963
1424964
1424969
1424961
1424967
1424962
