1794360
1794361
1794356
1794358
1794362
1794359
1794354
1794355
1794357
1794353
1989299
1989309
1989317
1989315
1989305
1989307
1989313
1989301
1989311
1989303
1794365
1794363
1794368
1794364
1794370
1794372
1794369
1794371
1794367
1794366
1794375
1794376
1794381
1794373
1794378
1794382
1794374
1794380
1794379
1794377
1794981
1794982
1794978
1794979
1794980
1794985
1794984
1794977
1794986
1794983
1794989
1794990
1794991
1794987
1794992
1794996
1794995
1794988
1794994
1794993
1795002
1794999
1795006
1794998
1795001
1795005
1795000
1794997
1795003
1795004
1795010
1795016
1795012
1795009
1795013
1795011
1795014
1795008
1795007
1795015
1795026
1795023
1795018
1795020
1795022
1795019
1795025
1795017
1795021
1795024
1795036
1795028
1795034
1795027
1795035
1795032
1795029
1795031
1795030
1795033
1795038
1795037
1795042
1795043
1795045
1795041
1795039
1795044
1795046
1795040
1795051
1795054
1795048
1795053
1795049
1795052
1795056
1795050
1795055
1795047
1795058
1795066
1795062
1795063
1795057
1795060
1795065
1795064
1795059
1795061
1795075
1795069
1795072
1795074
1795073
1795070
1795068
1795071
1795067
1795076
1795083
1795082
1795080
1795085
1795081
1795084
1795077
1795078
1795079
1795086
1795096
1795091
1795090
1795093
1795092
1795095
1795094
1795087
1795088
1795089
1795100
1795104
1795101
1795102
1795099
1795106
1795105
1795098
1795097
1795103
1795111
1795108
1795112
1795107
1795110
1795113
1795109
1795115
1795116
1795114
1795119
1795117
1795126
1795120
1795124
1795121
1795118
1795125
1795123
1795122
1795130
1795127
1795131
1795129
1795135
1795134
1795136
1795128
1795133
1795132
1795143
1795144
1795140
1795137
1795139
1795146
1795145
1795141
1795138
1795142
1795153
1795154
1795155
1795150
1795152
1795156
1795149
1795147
1795151
1795148
1795163
1795166
1795162
1795165
1795159
1795158
1795160
1795164
1795157
1795161
1795167
1795169
1795173
1795174
1795172
1795175
1795168
1795171
1795176
1795170
1795184
1795186
1795179
1795180
1795182
1795181
1795177
1795185
1795178
1795183
1795187
1795194
1795193
1795195
1795192
1795196
1795190
1795191
1795189
1795188
1795203
1795200
1795206
1795197
1795198
1795202
1795201
1795199
1795205
1795204
1795207
1795215
1795211
1795208
1795212
1795209
1795213
1795210
1795214
1795216
1795222
1795218
1795221
1795217
1795225
1795223
1795219
1795220
1795224
1795226
1795232
1795228
1795230
1795233
1795229
1795231
1795234
1795227
1795236
1795235
1795238
1795243
1795241
1795240
1795245
1795242
1795239
1795244
1795246
1795237
1795247
1795250
1795253
1795249
1795256
1795251
1795252
1795254
1795255
1795248
1795264
1795260
1795263
1795259
1795265
1795261
1795257
1795258
1795262
1795266
1795274
1795275
1795270
1795268
1795271
1795273
1795272
1795276
1795267
1795269
1795281
1795280
1795283
1795285
1795284
1795278
1795286
1795277
1795282
1795279
1795288
1795292
1795291
1795290
1795289
1795296
1795287
1795293
1795294
1795295
1795302
1795298
1795299
1795306
1795305
1795300
1795297
1795304
1795303
1795301
1795308
1795314
1795312
1795310
1795309
1795316
1795307
1795311
1795313
1795315
1795325
1795322
1795321
1795317
1795318
1795323
1795326
1795320
1795319
1795324
