2833733
2833723
2833735
2833721
2833727
2833731
2833729
2833739
2833737
2833725
2834037
2834031
2834047
2834033
2834039
2834043
2834045
2834041
2834029
2834049
2834375
2834371
2834379
2834373
2834383
2834387
2834385
2834381
2834377
2834369
3025187
2834395
2834401
2834403
2834407
2834393
2834405
2834399
2834397
2834389
2834391
2834417
2834421
2834411
2834423
2834419
2834415
2834409
2834413
2834427
2834425
2834439
2834433
2834435
2834445
2834443
2834429
2834437
2834447
2834431
2834441
2834463
2834467
2834459
2834449
2834453
2834457
2834461
2834455
2834465
2834451
2834471
2834485
2834477
2834487
2834479
2834469
2834481
2834475
2834473
2834483
2834489
2834495
2834507
2834509
2834501
2834499
2834497
2834493
2834503
2834491
2834511
2834525
2834521
2834527
2834513
2834523
2834515
2834517
2834519
2834529
2834539
2834549
2834533
2834545
2834531
2834535
2834541
2834547
2834537
2834543
2834553
2834555
2834567
2834563
2834565
2834569
2834557
2834559
2834561
2834551
2834585
2834583
2834571
2834587
2834575
2834589
2834577
2834573
2834579
2834581
2834597
2834601
2834599
2834591
2834607
2834603
2834609
2834593
2834595
2834605
2834617
2834613
2834615
2834619
2834611
2834627
2834625
2834621
2834623
2834629
2834633
2834647
2834635
2834637
2834649
2834631
2834639
2834643
2834641
2834645
2834655
2834665
2834661
2834657
2834667
2834651
2834669
2834663
2834659
2834653
2834687
2834689
2834673
2834679
2834675
2834683
2834677
2834681
2834685
2834671
2834709
2834703
2834701
2834695
2834693
2834707
2834697
2834705
2834699
2834691
2834725
2834727
2834711
2834723
2834721
2834729
2834717
2834713
2834719
2834715
2834737
2834731
2834733
2834741
2834743
2834745
2834739
2834747
2834735
2835089
2834767
2834755
2834759
2834765
2834761
2834751
2834763
2834757
2834749
2834753
2834779
2834781
2834775
2834785
2834787
2834783
2834777
2834773
2834769
2834771
2834805
2834801
2834793
2834803
2834797
2834795
2834799
2834789
2834791
2834807
2834815
2834821
2834819
2834827
2834825
2834809
2834823
2834811
2834813
2834817
2834839
2834845
2834847
2834835
2834837
2834841
2834829
2834831
2834833
2834843
2834855
2834849
2834851
2834867
2834863
2834857
2834859
2834865
2834853
2834861
2834885
2834871
2834877
2834883
2834875
2834869
2834881
2834873
2834887
2834879
2834889
2834903
2834899
2834897
2834893
2834901
2834891
2834905
2834895
2834907
2834917
2834909
2834921
2834923
2834925
2834927
2834911
2834915
2834913
2834919
2834939
2834935
2834943
2834933
2834931
2834929
2834937
2834945
2834941
2834947
2834961
2834949
2834953
2834957
2834965
2834967
2834955
2834963
2834951
2834959
2834975
2834971
2834969
2834985
2834973
2834981
2834979
2834983
2834977
2834987
2835003
2834989
2834993
2834997
2834999
2835005
2835007
2834995
2835001
2834991
2835027
2835025
2835019
2835011
2835017
2835009
2835023
2835021
2835015
2835013
2835045
2835041
2835035
2835037
2835039
2835033
2835043
2835031
2835047
2835029
2835067
2835063
2835059
2835049
2835057
2835053
2835065
2835055
2835061
2835051
2835073
2835077
2835079
2835075
2835069
2835085
2835081
2835087
2835083
2835071
