4060525
4060521
4060533
4060531
4060519
4060517
4060529
4060527
4060523
4060515
4060609
4060605
4060611
4060599
4060607
4060613
4060615
4060617
4060601
4060603
4060629
4060633
4060621
4060627
4060625
4060623
4060619
4060631
4060635
4060637
4060651
4060653
4060657
4060645
4060641
4060647
4060655
4060639
4060649
4060643
4060667
4060673
4060671
4060675
4060669
4060659
4060663
4060665
4060677
4060661
4060695
4060691
4060689
4060693
4060679
4060697
4060687
4060681
4060685
4060683
4060711
4060717
4060713
4060715
4060707
4060709
4060705
4060703
4060701
4060699
4060721
4060731
4060725
4060737
4060729
4060733
4060727
4060735
4060723
4060719
4060749
4060757
4060751
4060745
4060741
4060755
4060743
4060753
4060747
4060739
4060775
4060769
4060771
4060763
4060767
4060773
4060759
4060777
4060765
4060761
4060787
4060789
4060795
4060797
4060793
4060791
4060783
4060779
4060781
4060785
4060809
4060815
4060817
4060813
4060811
4060799
4060803
4060805
4060807
4060801
4060835
4060825
4060833
4060819
4060823
4060831
4060829
4060837
4060821
4060827
4060857
4060847
4060853
4060855
4060841
4060843
4060851
4060839
4060849
4060845
4060861
4060863
4060859
4060873
4060875
4060871
4060869
4060867
4060877
4060865
4060881
4060897
4060889
4060885
4060883
4060893
4060891
4060887
4060879
4060895
4060901
4060905
4060911
4060899
4060909
4060913
4060903
4060907
4060915
4060917
4060921
4060933
4060919
4060931
4060925
4060923
4060935
4060929
4060937
4060927
4060951
4060949
4060957
4060941
4060943
4060945
4060953
4060955
4060939
4060947
4060981
4060965
4060975
4060967
4060963
4060973
4060971
4060979
4060977
4060969
4060985
4060987
4060991
4060983
4060999
4060993
4060989
4060997
4061001
4060995
4061005
4061021
4061017
4061011
4061019
4061013
4061003
4061015
4061007
4061009
4061025
4061023
4061039
4061029
4061035
4061031
4061033
4061037
4061041
4061027
4061051
4061053
4061055
4061059
4061047
4061043
4061049
4061045
4061061
4061057
4061075
4061071
4061069
4061079
4061077
4061081
4061065
4061063
4061073
4061067
4061083
4061095
4061093
4061087
4061089
4061085
4061091
4061099
4061097
4061101
4061117
4061107
4061111
4061105
4061109
4061119
4061113
4061103
4061115
4061121
4061125
4061131
4061139
4061133
4061129
4061127
4061135
4061137
4061141
4061123
4061153
4061147
4061151
4061159
4061145
4061157
4061149
4061143
4061155
4061161
4061171
4061165
4061173
4061177
4061167
4061175
4061163
4061179
4061181
4061169
4061193
4061195
4061187
4061197
4061201
4061199
4061185
4061183
4061189
4061191
4061219
4061205
4061211
4061217
4061215
4061209
4061203
4061213
4061221
4061207
4061241
4061237
4061227
4061231
4061239
4061233
4061223
4061225
4061235
4061229
4061243
4061261
4061245
4061255
4061257
4061253
4061251
4061249
4061247
4061259
4061265
4061273
4061267
4061281
4061275
4061277
4061263
4061271
4061269
4061279
4061291
4061287
4061285
4061299
4061297
4061295
4061283
4061289
4061301
4061293
4061311
4061303
4061313
4061305
4061321
4061307
4061319
4061309
4061315
4061317
4061323
4061339
4061325
4061341
4061331
4061333
4061337
4061329
4061335
4061327
