5764040
5764034
5764022
5764024
5764030
5764036
5764026
5764038
5764028
5764032
5764130
5764126
5764144
5764132
5764136
5764128
5764142
5764138
5764134
5764140
5764150
5764162
5764164
5764154
5764152
5764158
5764146
5764148
5764160
5764156
5764178
5764176
5764182
5764174
5764166
5764172
5764180
5764170
5764184
5764168
5764196
5764194
5764192
5764198
5764200
5764202
5764204
5764190
5764186
5764188
5764216
5764218
5764224
5764212
5764220
5764222
5764206
5764214
5764210
5764208
5764226
5764230
5764242
5764240
5764234
5764244
5764232
5764236
5764228
5764238
5764264
5764260
5764258
5764262
5764246
5764250
5764252
5764254
5764256
5764248
5764278
5764276
5764280
5764272
5764266
5764282
5764284
5764270
5764274
5764268
5764290
5764302
5764288
5764300
5764286
5764296
5764294
5764298
5764292
5764304
5764308
5764318
5764310
5764322
5764320
5764324
5764316
5764312
5764314
5764306
5764334
5764326
5764344
5764338
5764328
5764342
5764336
5764330
5764332
5764340
5764348
5764352
5764354
5764364
5764362
5764346
5764358
5764350
5764356
5764360
5764368
5764372
5764384
5764366
5764380
5764376
5764370
5764378
5764382
5764374
5764402
5764394
5764398
5764392
5764404
5764396
5764400
5764388
5764390
5764386
5764424
5764414
5764412
5764420
5764418
5764408
5764416
5764406
5764410
5764422
5764430
5764442
5764426
5764428
5764444
5764436
5764440
5764438
5764432
5764434
5764450
5764460
5764446
5764462
5764458
5764464
5764448
5764454
5764452
5764456
5764476
5764474
5764482
5764466
5764480
5764478
5764472
5764470
5764468
5764484
5764492
5764500
5764496
5764494
5764502
5764498
5764504
5764488
5764486
5764490
5764518
5764514
5764516
5764520
5764512
5764524
5764510
5764508
5764522
5764506
5764536
5764534
5764540
5764544
5764532
5764530
5764528
5764526
5764542
5764538
5764552
5764550
5764556
5764562
5764546
5764548
5764564
5764560
5764554
5764558
5764566
5764584
5764568
5764572
5764574
5764570
5764580
5764578
5764576
5764582
5764588
5764604
5764602
5764594
5764586
5764590
5764600
5764592
5764598
5764596
5764620
5764612
5764618
5764614
5764624
5764622
5764608
5764616
5764610
5764606
5764632
5764630
5764642
5764644
5764638
5764636
5764626
5764634
5764640
5764628
5764652
5764648
5764664
5764658
5764656
5764662
5764650
5764654
5764646
5764660
5764684
5764676
5764668
5764678
5764666
5764682
5764674
5764670
5764680
5764672
5764686
5764704
5764696
5764698
5764688
5764700
5764702
5764694
5764690
5764692
5764724
5764706
5764718
5764720
5764722
5764712
5764714
5764708
5764710
5764716
5764734
5764736
5764726
5764744
5764732
5764740
5764738
5764730
5764742
5764728
5764752
5764756
5764748
5764754
5764750
5764746
5764762
5764760
5764764
5764758
5764774
5764770
5764772
5764784
5764780
5764782
5764766
5764768
5764778
5764776
5764792
5764794
5764790
5764802
5764788
5764798
5764796
5764800
5764786
5764804
5764818
5764814
5764812
5764820
5764808
5764810
5764806
5764824
5764822
5764816
5764832
5764836
5764830
5764828
5764840
5764838
5764834
5764844
5764842
5764826
5764848
5764862
5764846
5764850
5764860
5764856
5764852
5764864
5764854
5764858
