6807355
6807354
6807359
6807350
6807353
6807357
6807351
6807349
6807352
6807358
6807399
6807386
6807380
6807405
6807382
6807385
6807437
6807383
6807381
6807379
6807384
6807388
6807432
6807400
6807387
6807433
6807415
6807402
6807481
6807390
6807392
6807404
6807397
6807394
6807393
6807389
6807396
6807395
6807468
6807429
6807502
6807398
6807401
6807391
6807418
6807413
6807439
6807422
6807434
6807438
6807414
6807407
6807411
6807464
6807406
6807488
6807412
6807408
6807409
6807431
6807441
6807445
6807403
6807484
6807410
6807472
6807424
6807417
6807521
6807440
6807421
6807419
6807475
6807435
6807423
6807426
6807420
6807508
6807425
6807427
6807448
6807540
6807504
6807428
6807442
6807467
6807466
6807469
6807490
6807430
6807483
6807449
6807446
6807529
6807443
6807444
6807496
6807447
6807450
6807451
6807551
6807487
6807513
6807489
6807476
6807436
6807523
6807452
6807465
6807486
6807477
6807548
6807479
6807471
6807473
6807503
6807470
6807474
6807478
6807517
6807485
6807506
6807482
6807542
6807524
6807538
6807507
6807480
6807495
6807587
6807491
6807499
6807497
6807492
6807522
6807569
6807537
6807494
6807493
6807498
6807500
6807606
6807505
6807501
6807544
6807550
6807515
6807525
6807554
6807545
6807586
6807541
6807511
6807516
6807559
6807512
6807518
6807514
6807509
6807510
6965737
6807570
6807558
6807534
6807560
6807626
6807555
6807520
6807546
6807526
6807519
6807527
6807530
6807533
6807577
6807552
6807531
6807532
6807605
6807528
6807535
6807589
6807643
6807547
6807536
6807567
6807556
6807574
6807571
6807539
6807607
6807624
6807596
6807588
6807566
6807563
6807565
6807561
6807562
6807568
6807564
6807625
6807665
6807557
6807609
6807593
6807591
6807572
6807585
6807553
6807549
6807578
6807608
6807580
6807581
6807612
6807579
6807584
6807583
6807582
6807592
6807590
6807575
6807678
6807642
6807666
6807629
6807576
6807630
6807604
6807633
6807611
6807600
6807598
6807631
6807603
6807601
6807602
6807597
6807628
6807599
6807594
6807647
6807595
6807696
6807646
6807712
6807664
6807623
6807649
6807610
6807619
6807617
6807616
6807622
6807648
6807620
6807645
6807618
6807653
6807621
6807675
6807669
6807676
6807613
6807641
6807670
6807627
6807614
6807713
6807732
6807668
6807635
6807638
6807636
6807639
6807640
6807637
6807674
6807634
6807671
6807695
6807681
6807644
6807659
6807754
6807694
6807680
6807632
6807650
6807734
6807658
6807655
6807682
6807679
6807651
6807688
6807657
6807652
6807656
6807654
6807759
6807710
6807667
6807715
6807716
6807756
6807673
6807697
6807672
6807693
6807691
6807686
6807704
6807687
6807689
6807684
6807714
6807692
6807698
6807690
6807730
6807717
6807736
6807735
6807709
6807771
6807677
6807685
6807769
6807683
6807705
6807700
6807733
6807707
6807718
6807706
6807703
6807708
6807702
6807724
6807729
6807778
6807776
6807711
6807699
6807701
6807767
6807757
6807761
6807764
6807758
6807728
6807765
6807726
6807725
6807762
6807720
6807723
6807721
6807727
6807775
6807722
6807731
6807719
6807774
6807768
6807763
6807772
6807753
6807770
6807755
6807748
6807749
6807751
6807752
6807773
6807750
6807766
6807760
6807747
