7125608
7125606
7125602
7125603
7125605
7125607
7125601
7125610
7125609
7125604
7127432
7127428
7127429
7127430
7127431
7127435
7127434
7127433
7127427
7127426
7127436
7127439
7127438
7127437
7127444
7127443
7127442
7127445
7127441
7127440
7127456
7127453
7127457
7127452
7127455
7127449
7127450
7127454
7127448
7127451
7127465
7127460
7127467
7127458
7127462
7127459
7127464
7127461
7127466
7127463
7127477
7127478
7127483
7127474
7127480
7127475
7127476
7127473
7127481
7127479
7127471
7127470
7127485
7127482
7127487
7127486
7127468
7127469
7127484
7127472
7127490
7127497
7127502
7127489
7127495
7127492
7127488
7127491
7127493
7127494
7127505
7127499
7127498
7127496
7127500
7127508
7127506
7127503
7127501
7127504
7127511
7127509
7127507
7127516
7127510
7127512
7127513
7127515
7127514
7127517
7127531
7127527
7127523
7127528
7127522
7127524
7127530
7127525
7127526
7127529
7127537
7127536
7127519
7127532
7127534
7127518
7127520
7127521
7127535
7127533
7127538
7127547
7127539
7127544
7127543
7127540
7127541
7127542
7127546
7127545
7127554
7127555
7127556
7127553
7127549
7127551
7127550
7127548
7127552
7127557
7127574
7127564
7127582
7127573
7127565
7127562
7127570
7127571
7127563
7127575
7127579
7127586
7127587
7127585
7127581
7127584
7127583
7127580
7127578
7127588
7127577
7127591
7127568
7127566
7127590
7127567
7127569
7127601
7127572
7127576
7127606
7127594
7127593
7127604
7127603
7127592
7127597
7127600
7127595
7127605
7127599
7127609
7127621
7127596
7127608
7127620
7127589
7127598
7127611
7127602
7127613
7127610
7127628
7127614
7127618
7127612
7127623
7127625
7127622
7127624
7127629
7127630
7127616
7127633
7127626
7127615
7127617
7127619
7127627
7127631
7349349
7409698
7127647
7127646
7127632
7127651
7127645
7127644
7127648
7127650
7127652
7127649
7127639
7127641
7127634
7127642
7127638
7127635
7127643
7127636
7127640
7127637
7127658
7127662
7127654
7127661
7127655
7127653
7127657
7127659
7127660
7127656
7127665
7127664
7127670
7127671
7127666
7127663
7127667
7127668
7127672
7127669
7127673
7127676
7127679
7127674
7127681
7127682
7127680
7127675
7127677
7127678
7127700
7127689
7127699
7127702
7127684
7127701
7127683
7127697
7127698
7127685
7127686
7127690
7127688
7127691
7127693
7127692
7127687
7127695
7127694
7127696
7127709
7127708
7127705
7127706
7127703
7127710
7127707
7127716
7127714
7127704
7127719
7127718
7127717
7127720
7127715
7127721
7127711
7127713
7127712
7127722
7127738
7127733
7127736
7127743
7127734
7127742
7127731
7127732
7127735
7127730
7127723
7127744
7127745
7127739
7127737
7127741
7127729
7127740
7127724
7127746
7127758
7127762
7127747
7127752
7127750
7127751
7127749
7127753
7127748
7127755
7127761
7127769
7127757
7127763
7127759
7127760
7127756
7127765
7127767
7127754
7127771
7127776
7127772
7127768
7127770
7127766
7127774
7127773
7127764
7127775
7127795
7127784
7127782
7127785
7127783
7127779
7127780
7127781
7127789
7127786
7127793
7127778
7127790
7127787
7127788
7127794
7127792
7127777
7127800
7127791
7127801
7127798
7127802
7127796
7127804
7127806
7127805
7127797
7127799
7127803
