7490422
7490424
7490425
7490434
7490420
7490419
7490426
7490423
7490435
7490421
7491859
7491862
7491854
7491856
7491860
7491861
7491858
7491855
7491857
7491853
7490537
7490536
7490538
7490534
7490533
7490535
7490539
7490532
7490540
7490541
7490543
7490545
7490549
7490550
7490547
7490544
7490548
7490551
7490546
7490542
7490558
7490557
7490565
7490559
7490560
7490556
7490554
7490552
7490553
7490555
7490578
7490566
7490569
7490568
7490570
7490561
7490567
7490562
7490563
7490564
7490576
7490571
7490584
7490577
7490573
7490575
7490581
7490588
7490579
7490587
7490585
7490591
7490572
7490583
7490574
7490589
7490582
7490590
7490586
7490580
7490595
7490594
7490609
7490593
7490599
7490603
7490598
7490604
7490596
7490597
7490606
7490610
7490613
7490628
7490600
7490608
7490602
7490592
7490605
7490601
7490607
7490634
7490619
7490627
7490631
7490618
7490611
7490615
7490625
7490624
7490630
7490626
7490620
7490622
7490632
7490621
7490635
7490633
7490616
7490629
7490638
7490612
7490640
7490614
7490893
7490637
7490617
7490639
7490623
7490636
7490650
7490651
7490647
7490644
7490655
7490642
7490648
7490649
7490646
7490653
7490658
7490656
7490659
7490645
7490676
7490641
7490652
7490654
7490643
7490657
7490667
7490660
7490663
7490677
7490661
7490674
7490685
7490662
7490670
7490665
7699712
7490673
7490664
7490666
7490668
7490684
7490671
7490669
7490675
7490687
7490672
7490682
7490681
7490679
7490680
7490688
7490692
7490686
7490694
7490683
7490678
7490693
7490702
7490695
7490700
7490689
7490705
7490698
7490691
7490706
7490690
7490699
7490724
7490704
7490701
7490708
7490696
7490707
7490703
7490709
7490729
7490716
7490697
7490713
7490711
7490710
7490714
7490712
7490728
7490722
7490726
7490717
7490725
7490715
7490727
7490718
7490719
7490723
7490721
7490733
7490731
7490735
7490730
7490741
7490734
7490720
7490744
7490738
7490748
7490742
7490736
7490739
7490746
7490740
7490737
7490754
7490745
7490752
7490732
7490743
7490749
7490751
7490753
7490750
7490755
7490769
7490761
7490760
7490756
7490759
7490747
7490758
7490765
7490762
7490851
7490772
7490764
7490773
7490766
7490768
7490757
7490792
7490770
7490779
7490774
7490784
7490864
7490788
7490861
7490763
7490771
7490778
7490776
7490775
7490858
7490787
7490855
7490790
7490791
7490795
7490767
7490780
7490777
7490868
7490794
7490786
7490865
7490793
7490781
7490789
7490783
7490797
7490863
7490796
7490809
7490853
7490798
7490799
7490850
7490782
7490811
7490860
7490801
7490824
7490814
7490822
7490785
7490802
7490805
7490823
7490872
7490821
7490808
7490803
7490807
7490818
7490832
7490815
7490871
7490810
7490859
7490813
7490841
7490844
7490806
7490820
7490828
7490804
7490857
7490869
7490812
7490843
7490838
7490840
7490825
7490867
7490819
7490800
7490856
7490830
7490839
7490845
7490829
7490866
7490831
7490846
7490842
7490835
7490826
7490836
7490852
7490870
7490833
7490862
7490848
7490847
7490834
7490827
7490849
7490837
7490854
7490873
7490887
7490890
7490876
7490874
7490875
7490881
7490889
7490883
7490877
7490882
7490886
7490880
7490884
7490888
7490891
7490892
7490885
7490879
7490878
