7895282
7895289
7895286
7895284
7895288
7895287
7895283
7895281
7895285
7895280
7895337
7895328
7895324
7895326
7895331
7895329
7895325
7895330
7895338
7895327
7895335
7895333
7895342
7895343
7895340
7895341
7895336
7895334
7895332
7895339
8022095
7895348
7895347
7895344
7895349
7895346
7895351
7895350
7895345
7895354
7895355
7895361
7895356
7895360
7895357
7895352
7895372
7895358
7895373
7895353
7895359
7895379
7895393
7895363
7895377
7895375
7895390
7895376
7895374
7895364
7895378
7895394
7895391
7895395
7895399
7895397
7895424
7895423
7895398
7895392
7895396
7895425
7895443
7895428
7895426
7895429
7895457
7895421
7895422
7895420
7895427
7895456
7895510
7895506
7895454
7895455
7895451
7895449
7895492
7895452
7895453
7895511
7895507
7895504
7895503
7895539
7895513
7895505
7895509
7895508
7895535
7895542
7895541
7895556
7895533
7895530
7895554
7895537
7895540
7895528
7895538
7895558
7895587
7895571
7895555
7895560
7895553
7895564
7895575
7895588
7895557
7895596
7895589
7895606
7895590
7895586
7895597
7895592
7895591
7895593
7895598
7895607
7895604
7895614
7895616
7895601
7895603
7895600
7895602
7895599
7895605
7895621
7895611
7895618
7895608
7895615
7895612
7895613
7895610
7895617
7895609
7895362
7895370
7895365
7895382
7895366
7895380
7895369
7895371
7895368
7895367
7895386
7895388
7895385
7895384
7895389
7895381
7895383
7895387
7895403
7895405
7895410
7895404
7895414
7895402
7895406
7895400
7895401
7895407
7895408
7895409
7895411
7895436
7895416
7895418
7895433
7895413
7895417
7895412
7895415
7895419
7895434
7895430
7895440
7895435
7895431
7895446
7895439
7895432
7895438
7895437
7895493
7895441
7895447
7895445
7895448
7895442
7895450
7895497
7895458
7895444
7895501
7895516
7895499
7895496
7895494
7895502
7895500
7895498
7895495
7895517
7895512
7895519
7895515
7895522
7895521
7895520
7895524
7895531
7895518
7895514
7895526
7895523
7895536
7895546
7895532
7895525
7895527
7895543
7895534
7895529
7895550
7895551
7895568
7895547
7895544
7895548
7895545
7895573
7895552
7895549
7895578
7895566
7895567
7895559
7895569
7895580
7895570
7895574
7895565
7895572
7895585
7895584
7895582
7895583
7895576
7895581
7895579
7895577
7895595
7895594
7895631
7895623
7895620
7895625
7895619
7895626
7895624
7895622
7895639
7895720
7895628
7895632
7895634
7895630
7895633
7895627
7895629
7895726
7895647
7895635
7895643
7895637
7895638
7895642
7895641
7895644
7895655
7895640
7895723
7895636
7895645
7895646
7895648
7895650
7895651
7895725
7895666
7895649
7895654
7895652
7895724
7895657
7895661
7895653
7895664
7895660
7895658
7895656
7895676
7895659
7895670
7895665
7895728
7895669
7895685
7895663
7895662
7895667
7895668
7895674
7895678
7895679
7895691
7895684
7895671
7895675
7895722
7895677
7895673
7895672
7895727
7895698
7895688
7895692
7895687
7895682
7895681
7895680
7895686
7895683
7895689
7895690
7895696
7895707
7895697
7895700
7895695
7895693
7895721
7895694
7895716
7895710
7895701
7895699
7895703
7895981
7895705
7895702
7895706
7895704
7895709
7895713
7895711
7895718
7895708
7895712
7895717
7895729
7895715
7895714
