8280661
8280668
8280663
8280665
8280667
8280662
8280660
8280666
8280674
8280664
8280688
8280686
8280702
8280699
8280690
8280689
8280693
8280704
8280691
8280687
8280692
8280703
8280697
8280696
8280701
8281059
8280700
8280698
8280695
8280694
8280735
8280731
8280739
8281057
8280722
8280737
8280718
8280734
8280723
8280714
8280728
8280743
8280730
8280724
8280727
8280725
8280729
8281055
8280726
8280720
8280738
8280742
8281054
8280747
8280744
8280745
8280748
8280746
8280741
8280749
8281053
8280732
8280717
8280715
8280733
8280736
8280740
8281056
8280716
8280719
8280705
8280710
8280713
8280707
8280711
8280706
8280708
8280712
8280709
8280721
8280777
8280776
8280780
8280769
8280773
8280763
8280774
8280772
8280778
8280775
8280788
8280762
8280766
8280795
8280770
8280771
8280767
8280765
8280797
8280768
8465034
8280793
8280789
8280781
8280785
8280792
8280796
8280786
8280794
8280787
8280782
8280779
8280817
8280807
8280816
8280802
8280804
8280814
8280784
8280808
8280783
8280790
8280800
8280819
8280803
8280799
8280791
8280806
8280801
8280805
8280798
8280822
8280821
8280824
8280825
8280818
8280826
8280820
8280823
8280827
8280812
8280810
8280815
8280840
8280844
8280847
8280843
8280813
8280811
8280839
8280809
8280835
8280831
8280834
8280830
8280846
8280836
8280828
8280833
8280832
8280829
8280837
8280857
8280850
8280867
8280864
8280854
8280856
8280849
8280855
8280852
8280853
8280842
8280848
8280871
8280868
8280841
8280838
8280851
8280845
8280876
8280866
8280863
8280859
8280878
8280877
8280869
8280858
8280862
8280875
8280874
8280889
8280888
8280897
8280887
8280896
8280892
8280861
8280879
8280860
8280865
8280882
8280883
8280873
8280880
8280870
8280886
8280884
8280881
8280885
8280901
8280904
8280899
8280898
8280903
8280906
8280907
8280914
8280900
8280891
8280902
8280905
8280921
8280920
8280918
8280890
8280893
8280927
8280919
8280895
8280894
8280908
8280916
8280923
8280915
8280912
8280911
8280909
8280917
8280924
8280913
8589641
8280941
8280939
8280937
8280932
8280933
8280931
8280910
8280930
8280934
8280938
8280760
8280926
8280753
8280935
8280936
8280761
8280929
8280928
8280925
8280922
8280764
8280757
8280754
8280759
8280755
8280750
8280756
8280758
8280752
8280751
8675178
8675179
8675183
8675185
8675186
8675180
8675187
8675181
8675182
8675184
8678081
8678080
8678083
8678077
8678076
8678075
8678078
8678074
8678082
8678079
8678387
8678384
8678389
8678386
8678380
8678381
8678385
8678382
8678388
8678383
8678398
8678395
8678401
8678394
8678397
8678392
8678399
8678400
8678393
8678396
8678409
8678410
8678411
8678408
8678405
8678402
8678403
8678404
8678406
8678407
8678413
8678415
8678414
8678417
8678422
8678421
8678416
8678418
8678419
8678420
8678428
8678431
8678435
8678430
8678433
8678434
8678432
8678429
8678436
8678427
8678460
8678454
8678453
8678455
8678457
8678452
8678456
8678459
8678461
8678458
8678476
8678474
8678469
8678471
8678477
8678472
8678473
8678468
8678470
8678475
8678487
8678485
8678483
8678482
8678490
8678484
8678489
8678491
8678486
8678488
8678510
8678507
8678509
8678502
8678505
8678503
8678506
8678501
8678504
8678508
