8966251
8966329
8966258
8966252
8966322
8966257
8966253
8966256
8966360
8966255
9301650
9301659
8966357
8966523
8966272
8966271
8966330
8966262
8966517
8966273
8966269
8966259
9128118
9301660
9301661
8966332
8966263
8966267
8966260
8966336
8966261
8966264
8966327
8966317
8966265
8966315
8966340
8966328
8966308
8966268
8966358
8966270
8966351
8966266
8966313
9037745
8966314
8966323
8966306
8966316
8966342
8966318
8966506
8966350
8966311
8966334
8966509
8966319
8966310
8966303
8966337
8966304
8966339
8966301
8966349
8966305
8966331
8966307
8966293
8966296
8966302
8966347
8966354
8966312
8966297
8966309
8966345
8966361
8966295
8966507
8966341
8966320
8966298
8966300
8966355
8966299
8966508
8966290
8966289
8966291
8966352
8966321
8966285
8966343
8966338
8966326
8966280
8966353
8966325
8966281
8966292
8966525
8966359
8966348
8966294
8966288
8966356
8966287
8966283
8966346
8966333
8966335
8966282
8966513
8966362
8966284
8966286
8966275
8966324
8966500
8966278
8966274
8966277
8966279
8966344
8966276
8966421
8966518
8966424
8966416
8966433
8966441
8966428
8966376
8966414
8966429
8966383
8966387
8966378
8966410
8966398
8966405
8966380
8966392
8966400
8966413
8966379
8966377
8966402
8966381
8966364
8966370
8966415
8966408
8966396
8966411
8966516
8966368
8966369
8966374
8966393
8966373
8966371
8966399
8966390
8966375
8966504
8966531
8966483
8966519
8966486
8966386
8966501
8966514
8966495
8966488
8966511
8966466
8966496
8966502
8966491
8966489
8966494
8966498
8966471
8966497
9351716
8966505
8966522
8966503
8966473
8966485
8966487
8966476
8966492
8966467
8966490
8966532
8966474
8966477
8966469
8966478
8966480
8966461
8966529
8966499
8966493
8966482
8966468
8966481
8966530
8966447
8966475
8966464
8966479
8966484
8966462
8966463
8966472
8966528
8966460
8966455
8966445
8966465
8966434
8966451
8966438
8966458
8966440
8966454
8966456
8966470
8966459
8966439
8966527
8966444
8966453
8966448
8966436
8966457
8966450
8966449
8966443
8966432
8966452
8966446
8966435
8966423
8966420
8966425
8966521
8966426
8966409
8966419
8966524
8966430
8966412
8966401
8966406
8966391
8966437
8966442
8966431
8966417
8966384
8966418
8966427
8966395
8966385
8966510
8966526
8966389
8966515
8966394
8966397
8966407
8966403
8966365
8966422
8966367
8966512
8966388
8966372
8966382
8966366
8966404
8966520
8966147
8966146
8966154
8966152
8966149
8966237
8966148
8966240
8966153
8966150
8966232
8966234
8966239
8966238
8966243
8966235
8966242
8966241
8966233
8966236
8966220
8966222
8966246
8966244
8966230
8966214
8966245
8966221
8966218
8966247
8966231
8966228
8966229
8966223
8966224
8966226
8966219
8966225
8966216
8966227
8966207
8966210
8966197
8966202
8966209
8966212
8966211
8966205
8966198
8966201
8966185
8966189
8966206
8966187
8966208
8966215
8966204
8966190
8966217
8966213
8966191
8966196
8966192
8966200
8966199
8966194
8966188
8966186
8966184
8966193
8966195
8966166
8966171
8966203
8966168
8966173
8966174
8966172
8966178
8966170
8966155
8966175
8966181
8966177
8966159
8966183
8966182
8966176
8966180
8966179
8966156
8966163
8966167
8966164
8966162
8966158
8966161
8966151
8966160
8966157
