9602720
9602717
9602716
9602714
9602723
9602715
9602718
9602722
9602721
9602719
9602810
9602809
9602802
9602804
9602805
9602803
9602806
9602807
9602808
9602811
9602829
9602822
9602830
9602819
9602827
9602832
9602828
9602826
9602816
9602831
9602818
9602823
9602821
9602817
9602813
9602824
9602812
9602825
9602815
9602814
9979984
9979985
9602904
9602889
9602841
9602898
9602848
9602906
9602899
9602902
9602895
9602845
9602917
9602894
9602918
9602919
9602916
9602910
9602876
9602920
9602908
9602911
9602871
9602888
9602883
9602870
9602860
9602882
9602897
9602878
9602887
9602874
9602892
9602867
9602884
9602881
9602880
9602853
9602857
9602879
9602851
9602856
9602868
9602863
9602866
9602850
9602859
9602855
9602865
9602861
9602852
9602862
9971194
9979994
9602837
9602836
9602834
9602843
9602864
9602838
9602833
9602839
9602835
9602840
9602847
9602849
9602907
9602842
9602901
9602854
9602900
9602858
9602844
9602846
9602912
9602913
9602922
9602893
9602890
9602903
9602891
9602914
9602921
9602896
9602909
9602885
9602873
9602905
9602869
9602872
9602877
9602875
9602886
9602915
9602955
9602958
9602960
9602954
9602959
9602965
9602969
9603007
9602952
9602956
9603005
9603004
9603006
9602997
9603010
9603000
9602996
9602998
9603015
9602995
9603002
9602988
9603008
9603018
9602983
9602982
9602978
9602987
9603001
9603003
9602999
9602994
9602977
9602986
9602984
9602991
9602992
9602989
9602990
9602993
9603031
9603044
9603032
9603037
9603036
9603029
9602985
9603033
9603020
9603027
9603014
9603030
9603045
9603021
9603046
9603043
9603034
9603013
9603035
9603038
9603012
9603022
9603011
9603019
9603024
9603023
9603017
9603009
9603028
9603016
9603025
9602941
9602951
9602940
9602942
9602946
9602945
9602936
9602947
9603026
10114814
10196388
9602957
9602944
9602927
9602950
9602948
9602953
9602943
9602923
9602949
9602961
9602924
9602938
9602928
9602925
9602933
9602937
9602931
9602926
9602934
9602930
9602968
9602935
9602964
9602966
9602929
9602932
9602967
9602971
9602970
9602939
9602975
9602981
9602980
9602979
9602973
9602976
9602972
9602963
9602962
9602974
9603073
9603087
9603088
9603094
9603082
9603107
9603077
9603074
9603097
9603075
9603095
9603131
9603085
9603132
9603135
9603108
9603133
9603084
9603086
9603093
9603129
9603142
9603138
9603130
9603157
9603152
9603134
9603141
9603128
9603144
9603137
9603136
9603122
9603112
9603116
9603119
9603114
9603111
9603117
9603118
9603123
9603163
9603139
9603147
9603125
9603124
9603126
9603176
9603121
9603177
9603168
9603161
9603164
9603178
9603167
9603160
9603159
9603173
9603158
9603172
9603151
9603145
9603169
9603143
9603146
9603155
9603170
9603171
9603140
9603165
9603162
9603156
9603068
9603166
9603154
9603175
9603149
9603153
9603174
9603148
9603061
9603067
9603081
9603089
9603066
9603078
9603080
9603072
9603064
9603062
9603069
9603090
9603076
9603051
9603071
9603065
9603047
9603048
9603053
9603063
9603070
9603049
9603050
9603052
9603056
9603057
9603060
9603055
9603054
9603058
9603113
9603059
9603099
9603092
9603103
9603096
9603091
9603115
9603098
9603127
9603079
9603106
9603100
9603083
9603104
9603109
9603102
9603110
9603101
9603105
