10408559
10408645
10408563
10408557
10408561
10408623
10408712
10408560
10408564
10408566
10408624
10408633
10408630
10408628
10408641
10408640
10408639
10408627
10408631
10408635
10408601
10408626
10408634
10408597
10408602
10408632
10408638
10408629
10408598
10408603
10408600
10408606
10408607
10408596
10408608
10408599
10408605
10408609
10408610
10408604
10408615
10408620
10408621
10408612
10408611
10408637
10408616
10408613
10408636
10408614
10408438
10408450
10408625
10408619
10408617
10408436
10408447
10408618
10408460
10408622
10408453
10408448
10408452
10408439
10408459
10408458
10408454
10408449
10408465
10408480
10408591
10408584
10408451
10408467
10408475
10408586
10408469
10408589
10408457
10408471
10408594
10408481
10408478
10408484
10408581
10408491
10408490
10408487
10408262
10408474
10408261
10408485
10408482
10408486
10408500
10408492
10408265
10408259
10408275
10408489
10408499
10408502
10408284
10408498
10408287
10408269
10408488
10408496
10408272
10408494
10408292
10408505
10408506
10408504
10408298
10408501
10408503
10408276
10408299
10408497
10408301
10408507
10408509
10408508
10408311
10408289
10408510
10408302
10408306
10408305
10408315
10408313
10408324
10408310
10408318
10408312
10408517
10408322
10408512
10408330
10408516
10408518
10408323
10408314
10408515
10408511
10408325
10408316
10408321
10408337
10408328
10408327
10408522
10408319
10408514
10408332
10408519
10408329
10408513
10408320
10408326
10408529
10408520
10408335
10408331
10408334
10408336
10408333
10408343
10408521
10408338
10408523
10408341
10408530
10408346
10408532
10408350
10408342
10408340
10408349
10408339
10408347
10408358
10408355
10408367
10408360
10408361
10408345
10408525
10408528
10408348
10408368
10408533
10408524
10408377
10408365
10408356
10408526
10408344
10408359
10408364
10408383
10408536
10408535
10408357
10408362
10408371
10408363
10408531
10408366
10408376
10408380
10408372
10408374
10408370
10408539
10408373
10408375
10408537
10408369
10408388
10408382
10408540
10408384
10408378
10408534
10408389
10408379
10408381
10408543
10408385
10408392
10408403
10408541
10408538
10408549
10408397
10408387
10408542
10408390
10408410
10408550
10408393
10408544
10408394
10408398
10408548
10408391
10408386
10408546
10408396
10408551
10408555
10408553
10408395
10408400
10408401
10408407
10408399
10408545
10408417
10408416
10408402
10408408
10408411
10408554
10408405
10408556
10408404
10408409
10408423
10408552
10408434
10408558
10408422
10408412
10408413
10408420
10408415
10408406
10408419
10408424
10408414
10408435
10408426
10408567
10408418
10408429
10408562
10408565
10408570
10408425
10408572
10408571
10408568
10408427
10408577
10408421
10408569
10408441
10408431
10408437
10408432
10408430
10408443
10408428
10408574
10408573
10408444
10408433
10408576
10408578
10408446
10408445
10408440
10408442
10408456
10408455
10408582
10408583
10408587
10408580
10408473
10408464
10408592
10408462
10408579
10408461
10408575
10408585
10408463
10408588
10408593
10408476
10408479
10408470
10408468
10408493
10408466
10408472
10408595
10408266
10408483
10408590
10408263
10408495
10408264
10408477
10408258
10408274
10408260
10408271
10408290
10408257
10408267
10408281
10408279
10408256
10408273
10408268
10408309
10408280
10408270
10408283
10408288
10408285
10408286
10408296
10408277
10408278
10408297
10408308
10408294
10408303
10408304
10408291
10408307
10408317
10408293
10408295
