11369285
11369289
11369293
11369290
11369286
11369288
11369292
11369291
11369294
11369287
11368598
11368600
11368605
11368609
11368603
11368594
11368595
11368597
11368601
11368606
11368608
11368593
11368612
11368602
11368596
11368592
11368604
11368591
11368599
11368607
11369298
11369295
11369304
11369303
11369300
11369297
11369299
11369301
11369296
11369302
11643594
11369314
11369305
11369311
11369307
11369306
11369308
11369310
11369313
11369309
11369312
11369322
11369319
11369320
11369317
11369315
11369323
11369321
11369324
11369318
11369316
11369327
11369329
11369325
11369333
11369331
11369326
11369332
11369334
11369330
11369328
11369337
11369341
11369346
11369342
11369344
11369335
11369343
11369336
11369340
11369345
11369352
11369348
11369354
11369350
11369355
11369356
11369347
11369349
11369351
11369353
11369365
11369363
11369361
11369364
11369360
11369357
11369358
11369366
11369359
11369362
11369374
11369367
11369369
11369375
11369371
11369370
11369372
11369368
11369376
11369373
11369381
11369384
11369377
11369378
11369382
11369379
11369386
11369380
11369385
11369383
11369388
11369394
11369387
11369393
11369395
11369390
11369392
11369396
11369391
11369389
11813986
11369401
11369404
11369405
11369402
11369397
11369406
11369400
11369399
11369398
11369403
11369414
11369409
11369408
11369415
11369410
11369416
11369407
11369411
11369412
11369413
11369423
11369425
11369421
11369419
11369424
11369426
11369422
11369420
11369417
11369418
11369430
11369429
11369428
11369435
11369432
11369427
11369433
11369434
11369431
11369436
11369442
11369438
11369443
11369445
11369437
11369446
11369440
11369439
11369444
11369441
11369447
11369456
11369448
11369454
11369453
11369455
11369451
11369449
11369450
11369452
11369466
11369464
11369465
11369458
11369461
11369457
11369462
11369460
11369459
11369463
11369469
11369476
11369475
11369471
11369467
11369474
11369470
11369473
11369468
11369472
11369486
11369485
11369481
11369478
11369483
11369479
11369482
11369484
11369477
11369480
11369487
11368766
11368764
11368765
11369489
11369491
11369492
11369488
11368767
11369490
11368761
11368758
11368763
11368762
11368757
11368760
11368756
11368759
11368755
11368754
11368749
11368752
11368747
11368746
11368748
11368743
11368745
11368753
11368750
11368751
11368737
11368738
11368735
11368741
11368734
11368739
11368744
11368742
11368736
11368740
12114515
11368724
11368726
11368725
11368728
11368730
11368729
11368733
11368727
11368732
11368731
11368714
11368723
11368721
11368717
11368719
11368720
11368718
11368722
11368716
11368715
11368710
11368698
11368711
11368699
11368712
11368713
11368705
11368708
11368700
11368701
11368703
11368691
11368706
11368697
11368704
11368692
11368693
11368694
11368707
11368695
11368709
11368696
11368684
11368681
11368685
11368682
11368686
11368702
11368683
11368687
11368690
11368689
11368669
11368671
11368676
11368662
11368688
11368666
11368670
11368680
11368673
11368679
11368672
11368675
11368678
11368674
11368651
11368677
11368653
11368652
11368654
11368656
11368667
11368664
11368663
11368658
11368659
11368668
11368661
11368660
11368657
11368665
11368630
11368636
11368633
11368634
11368643
11368629
11368641
11368644
11368645
11368650
11368646
11368647
11368649
11368626
11368631
11368616
11368648
11368655
11368624
11368640
11368642
11368621
11368628
11368627
11368635
11368637
11368638
11368619
11368639
11368615
11368618
11368614
11368632
11368625
11368622
11368620
11368623
11368617
