40047
40055
40046
40048
40050
40052
40054
40049
40051
40053
41561
41562
41563
41564
41565
41566
41567
41568
41569
41570
41995
41997
41998
41999
42000
42001
42003
42004
41996
42002
42491
42492
42493
42494
42495
42496
42497
42498
42499
42500
43925
43926
43927
43928
43929
43930
43931
43932
43933
44796
44894
44895
44896
44897
44898
44899
44900
44901
44902
44903
46144
46145
46147
46148
46150
46151
46152
46146
46149
46153
47658
47659
47660
47661
47662
47663
47664
47665
47666
47667
50077
50074
50076
50079
50080
50081
50075
50078
50082
51492
51574
51578
51575
51577
51579
51580
51581
51582
51576
51583
52373
52375
52376
52377
52378
52379
52380
52374
52381
52972
53687
53688
53689
53690
53691
53693
53694
53692
53878
53879
55249
55245
55246
55247
55248
55250
55251
55252
55253
55439
56069
56071
56072
56073
56074
56077
56070
56075
56076
56085
57530
57531
57533
57534
57535
57536
57537
57538
57532
57539
58119
58115
58118
58120
58121
58122
58123
58117
58116
58124
59689
59690
59691
59692
59693
59695
59696
59697
59694
59688
75893
60676
60680
60679
60677
60678
60681
60682
60683
60684
60685
60686
60687
60688
60690
60691
60692
60693
60689
60694
60695
66774
66777
66778
66781
66782
66784
66776
66786
66789
66791
66796
66797
66798
66800
66801
66802
66803
66804
66806
66807
67494
67495
67496
67497
67498
67499
67500
67501
67502
67503
69182
69183
69184
69185
69186
69187
69188
69189
69190
69191
70386
70387
70388
70389
70390
70391
70392
70393
70394
70395
71183
71184
71186
71187
71188
71189
71190
71191
71192
71185
72924
72928
72925
72926
72927
72929
72930
73743
72933
72934
78933
73906
73908
73909
73910
73912
73913
73911
73914
73907
74546
76461
76462
76463
76464
76465
76466
76469
76472
76468
76467
78028
78029
78030
78031
78032
78033
78034
78035
78036
78037
79151
79152
79153
79154
79155
79157
79158
79159
79156
79160
80659
80663
80664
80665
80666
80658
80661
80660
89386
81889
81888
81890
81891
81892
81893
81894
81895
81896
81906
81901
81898
81899
81900
81902
81903
81904
81905
81931
81932
90763
83442
83443
83445
83446
83447
83448
83449
83450
83444
83451
86126
86127
86128
86129
86130
86131
86174
86175
86176
86177
87498
87500
87501
87502
87503
87504
87499
87505
87506
87507
89387
89388
89389
89390
89391
89393
89394
89396
89392
89395
90764
90765
90766
90767
90768
90770
90771
90772
90773
90769
