107882
107864
107865
107866
107868
107875
107877
107872
107884
107885
107903
107890
107893
107895
107896
107897
107901
107899
107905
107908
107911
107914
107917
107921
107929
107931
107918
107927
107926
126463
107936
107935
107937
107938
107940
107943
107947
107945
107949
107953
108011
108012
108013
108014
108015
108016
108017
108018
108021
108022
108030
108031
108032
108033
108034
108035
108036
108037
108038
108039
108045
108040
108042
108043
108044
108046
108047
108041
108048
108049
108065
108059
108060
108061
108063
108067
108069
108071
108073
108075
108079
108077
108080
108081
108082
108083
108087
108085
108090
108091
108132
108124
108125
108126
108180
108127
108134
108129
108131
108137
108143
108140
108145
108146
108147
108148
108150
108144
108153
108155
108158
108161
108164
108166
108167
108168
108162
108171
108165
108175
108187
108188
108182
108183
108184
108185
108186
108181
108189
108190
108195
108191
108193
108194
108196
108197
108192
108198
108199
108200
108204
108201
108202
108203
108206
108208
108205
108209
108207
108210
108214
108211
108212
108215
108216
108217
108218
108213
108219
108220
108222
108221
108223
108224
108225
108226
108227
108228
108229
108230
108231
108232
108233
108234
108237
108238
108236
108235
108239
108240
108249
108241
108244
108245
108243
108246
108247
108248
108242
108250
108252
108253
108254
108256
108257
108258
108259
108255
108251
108260
108265
108264
108261
108262
108263
108266
108268
108269
108270
108267
108277
108272
108274
108279
108280
108271
108273
108275
108276
108278
108285
108281
108283
108286
108290
108291
108292
108282
108289
108284
108304
108296
108299
108300
108301
108302
108303
108305
108294
108298
108310
108311
108306
108308
108309
108307
108318
108320
108313
108315
108333
108334
108337
108339
108341
108343
108345
108331
108344
108332
108354
108347
108348
108362
108350
108360
108346
108364
108352
108356
108378
108367
108369
108381
108371
108375
108372
108377
108368
158156
108388
108387
108389
108391
108393
108395
108394
108396
108390
108392
108397
108399
108400
108402
108404
108405
108398
108406
108403
108401
108409
108407
108408
108410
108412
108413
108414
108415
108411
108416
108417
108418
108419
108420
108421
108423
108422
108425
108426
108424
108429
108431
108432
108434
108439
108428
108441
108437
108436
108427
108443
108445
108450
108456
108447
108448
108457
108451
108453
108455
108472
108469
108466
108467
108471
108475
108477
108478
108474
108464
108482
108486
108489
108492
108494
108497
108483
108499
108484
108500
108507
108504
108505
108509
108510
108512
108513
108514
108511
108502
108516
108518
108519
108521
108522
108524
108526
108527
108529
108531
