177954
177945
177955
177948
177950
177951
177952
177949
177944
177953
177962
177957
177959
177961
177963
177964
177965
177956
177958
177960
177968
177971
177972
177966
177974
177973
177969
191209
188329
235444
177984
177977
177978
177980
177983
177985
177986
177981
177982
215827
177987
177989
177990
177991
177993
177994
177995
177992
177988
177996
178010
178011
178014
178015
178008
178012
178009
178016
178013
178007
178017
178019
178020
178021
178023
178025
178026
178018
178022
178024
178029
178030
178031
178034
178035
178033
178036
178027
178028
178032
178046
178039
178040
178043
178044
178045
178042
178037
178041
178038
178049
178047
178048
178052
178053
178055
178054
178050
178056
178051
178066
178064
178057
178058
178059
178060
178063
178062
178065
178061
178068
178067
178069
178072
178074
178076
178075
178071
178073
178070
178086
178078
178079
178080
178081
178083
178085
178084
178082
178077
235443
178087
178088
178091
178094
178096
178093
178089
178090
178092
178095
178102
178098
178099
178101
178104
178105
178106
178103
178100
178097
178112
178107
178108
178109
178110
178111
178116
178114
178113
178115
178124
178118
178119
178120
178123
178126
178127
178121
178122
178117
178129
178130
178125
178131
178132
178133
178134
178135
178136
178128
178137
178138
178143
178144
178145
178146
178142
178139
178140
178141
233926
235735
253763
178147
178148
178149
178155
178150
178151
178152
178153
178154
178156
178165
178166
178158
178160
178161
178162
178164
178159
178157
178163
178173
178167
178168
178170
178171
178172
178174
178169
178176
178175
178180
178177
178178
178182
178183
178184
178185
178179
178181
178186
178191
178188
178197
178192
178193
178198
178190
178187
178194
178189
178199
178200
178202
178204
178205
178207
178208
178203
178206
178201
178218
178209
178210
178211
178212
178214
178215
178216
178213
178217
178227
178219
178220
178222
178223
178226
178224
178221
178228
178225
178382
178375
178376
178379
178380
178383
178377
178378
178381
178384
178386
178390
178388
178391
178393
178394
178387
178392
178389
178385
178399
178395
178397
178398
178401
178403
178404
178396
178402
178400
178408
178405
178407
178412
178414
178411
178410
178406
178409
178413
251901
178416
178415
178418
178419
178420
178422
178423
178421
178424
178417
178433
178426
178431
178432
178434
178425
178427
178428
178430
178429
254329
178441
178438
178435
178439
178440
178442
178443
178444
178436
178437
178448
178452
178446
178447
178450
178451
178453
178454
178445
178449
178455
178458
178459
178462
178463
178460
178456
178464
178461
178457
178467
178465
178468
178469
178470
178474
178466
178472
178471
178473
178475
178476
178477
178478
178479
177967
178480
178481
178482
178483
