269186
269178
269181
269183
269184
269185
269187
269179
269182
269180
269193
269192
269195
269199
269196
269190
269197
269191
269198
269194
269204
269202
269203
269207
269208
269209
269205
269200
269201
269206
269213
269210
269211
269212
269215
269216
269218
269214
269219
269217
269224
269222
269228
269232
269236
269226
269221
269234
269238
269230
269253
269249
269251
269252
269254
269255
269260
269259
269256
269258
269262
269263
269264
269265
269267
269270
269261
269266
269268
269269
269280
269271
269272
269274
269275
269276
269278
269279
269277
269273
269290
269283
269284
269285
269281
269286
269282
269287
269289
269288
269300
269291
269292
269293
269294
269299
269301
269297
269303
269295
269309
269307
269308
269310
269312
269316
269313
269318
269305
269315
269324
269321
269322
269325
269327
269330
269331
269320
269329
269319
269340
269333
269337
269338
269346
269349
269352
269343
269354
269334
269360
269356
269362
269364
269372
269358
269367
269368
269366
269370
269378
269381
269383
269376
269385
269387
269403
269406
269409
269411
269389
269390
269396
269397
269399
269400
269394
269392
269393
269391
269422
269415
269420
269424
269425
269429
269431
269416
269418
269427
269437
269433
269443
269444
269447
269435
269438
269442
269446
269440
269455
269451
269453
269457
269459
269460
269462
269463
269464
269466
269502
269517
269519
269490
269494
269505
269508
269515
269518
269499
269523
269521
269522
269524
269525
269526
269528
269530
269527
446553
269538
269537
269540
269542
269545
269546
269547
269544
269534
269536
269562
269551
269553
269554
269558
269559
269563
269549
269556
269560
269571
269568
269570
269575
269576
269577
269578
269573
269579
269566
269582
269587
269593
269585
269589
269581
269591
269592
269590
466027
269601
269595
269597
269599
269600
269603
269608
269609
269604
269606
269621
269616
269617
269618
269619
269622
269623
269620
269614
269612
269647
269646
269649
269652
269655
269657
269644
269653
269643
269650
269665
269660
269663
269667
269668
269671
269672
269669
269662
269673
269680
269678
269681
269682
269683
269684
269676
269677
269675
269679
269690
269687
269688
269689
269692
269693
269698
269696
269695
269686
269711
269709
269706
269701
269703
269713
269719
269721
269724
269716
269744
269731
269733
269736
269740
269735
269739
269737
269746
269742
269751
269763
269766
269770
269773
269776
269779
269760
269753
269757
269800
269787
269789
269791
269793
269801
269804
269796
269798
269785
269819
269820
269815
269824
269827
269849
269868
269871
269812
269853
269886
269883
269884
269889
269891
269893
269897
269880
269877
269881
269909
269914
269915
269918
269921
269925
269927
269931
269933
269936
