500061
500055
500057
500058
500060
500062
500053
500052
500056
500059
500186
500183
500189
500191
500184
500185
500187
500188
500192
500190
500211
500193
500195
500212
500213
500214
500210
500197
500194
500196
500332
500324
500325
500326
500327
500328
500333
500329
500331
500330
500337
500338
500339
500341
500342
500343
500340
500334
500336
500335
500347
500349
500351
500344
500350
500352
500353
500345
500348
500346
500354
500359
500361
500363
500358
500362
500355
500356
500357
500360
502338
500366
500367
500370
500371
500373
500374
500365
502305
500372
500381
500376
500375
500384
500377
500378
500380
500369
501166
500379
500389
500386
500388
500390
500392
500394
500397
500387
500396
500395
500398
500400
500403
500408
500409
500405
500399
500401
500410
500402
500445
500447
500451
500452
500457
500458
500462
500448
500461
500454
500507
500502
500503
500499
500501
500500
500504
500508
500505
500506
500549
500539
500540
500541
500543
500546
500547
500542
500550
500544
500557
500556
500560
500561
500562
500564
500555
500558
500563
500559
500567
500570
500571
500572
500574
500575
500573
500569
500576
500568
501118
501119
501122
501123
501124
501125
501126
501120
501121
501117
501127
501128
501130
501131
501132
501134
501136
501133
501135
501129
501138
501145
501146
501137
501139
501140
501144
501147
501142
501141
501148
501149
501153
501154
501155
501156
501157
501151
501150
501152
501162
501158
501164
500382
501167
501159
500383
501160
501161
501163
501168
501169
501171
501172
501173
501175
501177
501174
501176
501170
501407
501408
501409
501413
501414
501415
501412
501417
501411
501410
501433
501424
501427
501429
501430
501434
501428
501432
501435
501436
501441
501437
501438
501443
501445
501446
501448
501440
501442
501439
501452
501455
501457
501458
501460
501461
501463
501459
501456
501450
501466
501469
501470
501473
501478
501472
501475
501468
501471
501477
501479
501480
501482
501486
501489
501492
501494
501487
501481
501484
501651
501686
501693
501696
501698
501701
501495
501692
501683
501691
501712
501747
501765
501782
501787
501704
501730
501795
501748
501707
501851
501816
501833
501834
501842
501844
501849
501836
501838
501835
501889
501891
501897
501901
501902
501903
501900
501893
501904
501899
501905
501907
501908
501912
501914
501917
501919
501916
501910
501918
502190
502191
502193
502238
502239
502240
502196
502194
502195
502192
502275
502241
502276
502278
502280
502281
502243
502242
502279
502277
502283
502282
502286
502288
502289
502290
502291
502287
502285
502284
502298
502293
502294
502296
502299
502301
502295
502292
502297
502300
502302
502303
502304
500368
501165
502339
502340
502373
502374
502375
