781506
781509
781511
781512
781514
781516
781515
781510
781507
781513
781519
781522
781525
781529
781531
781532
781521
781533
781524
781527
781536
781539
781541
781544
781547
781534
781538
781546
781535
781542
781862
781858
781860
781866
781868
781871
781872
781864
781869
781870
781884
781874
781880
781887
781875
781886
781877
781878
781882
781885
781895
781893
781896
781897
781899
781901
781906
781891
781902
781907
781915
781919
781921
781909
781920
781910
781912
781914
781917
781911
781932
781923
781924
781925
781926
781929
781930
781927
781935
781934
781938
781942
781945
781936
781937
781939
781943
781947
781946
781940
781965
781957
781960
781950
781954
781948
781949
781963
781951
781953
782010
782009
782011
782012
782014
782016
782019
782017
782007
782013
782021
782032
782027
782030
782031
782028
782025
782023
782029
782026
782045
782043
782044
782047
782049
782051
782055
782053
782046
782048
782062
782063
782065
782067
782068
782069
782059
782071
782070
782072
782074
782080
782085
782087
782090
782078
782083
782089
782075
782077
782107
782100
782102
782103
782108
782111
782110
782113
782105
782114
782123
782117
782120
782122
782127
782128
782130
782129
782125
782119
782135
782136
782139
782141
782149
782147
782145
782133
782137
782142
782178
782170
782176
782183
782171
782173
782174
782180
782184
782167
782201
782188
782192
782194
782196
782202
782203
782191
782199
782197
782211
782210
782212
782213
782215
782216
782217
782218
782219
782214
973796
966889
782237
782240
782242
782248
782251
782254
782244
782255
782253
782246
782259
782258
782261
782265
782272
782275
782268
782271
782274
782267
782299
782286
782288
782289
782291
782292
782296
782294
782298
782293
782321
782316
782319
782320
782323
782325
782327
782322
782324
782326
782338
782336
782339
782346
782349
782345
782342
782344
782348
782343
782363
782359
782362
782370
782365
782374
782361
782360
782372
782367
782376
782379
782383
782384
782386
782377
782380
782381
782382
782378
782401
782391
782395
782398
782400
782402
782403
782397
782393
782404
782418
782408
782410
782420
782423
782422
782416
782424
782413
782412
782436
782434
782438
782443
782447
782449
782450
782442
782440
782445
782457
782456
782459
782460
782462
782463
782464
782461
782454
782458
782467
782473
782474
782475
782476
782477
782472
782471
782469
782478
782495
782496
782497
782498
782503
782505
782499
782493
782494
782500
782517
782514
782516
782518
782519
782521
782522
782515
782520
782512
782539
782541
782542
782544
782546
782550
782552
782547
782538
782549
782558
782554
782557
782560
782561
782564
782566
782567
782556
782562
782569
782570
782571
782572
782573
782574
782575
782576
782577
782578
