1062467
1062464
1062465
1062466
1062470
1062471
1062473
1062468
1062469
1062472
1062479
1062481
1062475
1062476
1062478
1062482
1062480
1062477
1062474
1276637
1062483
1062484
1062485
1062488
1062490
1062491
1062493
1062492
1062486
1062487
1062489
1062497
1062495
1062496
1062501
1062502
1062503
1062499
1062500
1062498
1062494
1062505
1062507
1062508
1062509
1062510
1062511
1062513
1062512
1062504
1062506
1062517
1062514
1062515
1062516
1062520
1062522
1062521
1062523
1062519
1062518
1062529
1062524
1062525
1062527
1062530
1062532
1062533
1062526
1062531
1062528
1062536
1062537
1062540
1062543
1062541
1062534
1062539
1062542
1062538
1062535
1062545
1062544
1062547
1062549
1062550
1062551
1062552
1062546
1062553
1062548
1062563
1062554
1062556
1062558
1062561
1062557
1062555
1062559
1062560
1062562
1062564
1062566
1062567
1062568
1062569
1062571
1062572
1062573
1062570
1062565
1062574
1062575
1062579
1062580
1062583
1062577
1062581
1062582
1062576
1062578
1062589
1062584
1062586
1062587
1062588
1062592
1062590
1062585
1062593
1062591
1062596
1062598
1062599
1062600
1062601
1062602
1062595
1062603
1062597
1062594
1062610
1062604
1062605
1062606
1062611
1062612
1062613
1062609
1062608
1062607
1062621
1062614
1062615
1062616
1062617
1062618
1062622
1062623
1062620
1062619
1062627
1062630
1062624
1062625
1062628
1062626
1062632
1062633
1062631
1062629
1062640
1062635
1062636
1062638
1062639
1062634
1062643
1062637
1062641
1062642
1278399
1062645
1062647
1062652
1062646
1062650
1062651
1062653
1062649
1062644
1062648
1062662
1062655
1062657
1062658
1062661
1062663
1062654
1062656
1062660
1062659
1062668
1062664
1062666
1062667
1062671
1062673
1062665
1062672
1062669
1062670
1276760
1280321
1280322
1296870
1280323
1280324
1277303
1062681
1062677
1062679
1062680
1062682
1062683
1062678
1062674
1062675
1062676
1296871
1062685
1062686
1062689
1062684
1062688
1062690
1062692
1062691
1062693
1062687
1062695
1062697
1062698
1062699
1062702
1062703
1062696
1062700
1062694
1062701
1062709
1062705
1062706
1062708
1062710
1062711
1062712
1062713
1062704
1062707
1062723
1062716
1062718
1062715
1062714
1062720
1062717
1062719
1062721
1062722
1062727
1062724
1062731
1062733
1062730
1062726
1062725
1062728
1062729
1062732
1062740
1062737
1062734
1062735
1062736
1062741
1062743
1062739
1062742
1062738
1062749
1062744
1062745
1062751
1062753
1062747
1062752
1317780
1062750
1062746
1062748
1346005
1331822
1062763
1062754
1062755
1062756
1062757
1062761
1062758
1062760
1062762
1062759
1062765
1062767
1062770
1062771
1062772
1062773
1062764
1062769
1062768
1062766
1062774
1062777
1062778
1062781
1062782
1062783
1062775
1062776
1062779
1062780
1062790
1062784
1062786
1062791
1062792
1062793
1062787
1062785
1062789
1062788
1062797
1062801
1062803
1062795
1062798
1062799
1062796
1062794
1062802
1062800
1062808
1062804
1062805
1062806
1062810
1062811
1062812
1062813
1062809
1062807
1062821
1062816
1062820
1062822
1062823
1062814
1062815
1062817
1062819
1062818
1062824
1062828
1062829
1062830
1062832
1062827
1062826
1062831
1062833
1062825
1062834
1062835
1062836
1062837
1062838
1062839
1062840
1062841
1062842
1062843
