1379602
1379594
1379595
1379596
1379597
1379601
1380091
1379603
1379598
1379599
1379600
1379604
1379605
1379606
1379610
1379611
1379612
1379613
1379609
1379607
1379608
1379615
1379616
1379618
1379622
1379623
1379620
1379617
1379619
1379621
1379614
1379794
1379792
1379795
1379796
1379797
1379799
1379800
1379801
1379793
1379798
1379807
1379802
1379803
1379805
1379809
1379810
1379808
1379806
1379811
1379804
1379818
1379812
1379813
1379814
1379816
1379817
1379820
1379815
1379821
1379819
1379831
1379822
1379826
1379828
1379829
1379830
1379827
1379825
1379824
1379823
1379832
1379836
1379838
1379839
1379840
1379841
1379833
1379837
1379835
1379834
1379848
1379842
1379843
1379847
1379849
1379851
1379850
1379846
1379844
1379845
1379852
1379854
1379857
1379858
1379861
1379859
1379853
1379860
1379856
1379855
1379866
1379863
1379864
1379865
1379867
1379869
1379870
1379862
1379871
1379868
1379872
1379873
1379877
1379878
1379881
1379874
1379875
1379876
1379879
1379880
1379882
1379885
1379886
1379888
1379889
1379890
1379891
1379887
1379884
1379883
1379892
1379893
1379895
1379896
1379899
1379901
1379898
1379894
1379897
1379900
1379902
1379903
1379904
1379905
1379906
1379908
1379910
1379911
1379907
1379909
1379912
1379913
1379914
1379916
1379918
1379921
1379915
1379920
1379919
1379917
1575939
1379922
1379924
1379925
1379928
1379930
1379927
1379923
1379931
1379929
1379926
1379939
1379932
1379933
1379934
1379941
1379937
1379940
1379935
1379936
1379938
1588347
1588355
1592364
1592365
1592366
1588346
1588345
1379948
1379944
1379945
1379946
1379947
1379949
1379950
1379951
1379943
1379942
1588800
1606380
1379955
1379956
1379957
1379958
1379959
1379960
1379952
1379953
1379961
1379954
1379969
1379964
1379965
1379966
1379967
1379968
1379970
1379962
1379963
1379971
1379973
1379980
1379975
1379972
1379977
1379981
1379976
1379978
1379974
1379979
1379983
1379985
1379986
1379989
1379991
1379990
1379982
1379987
1379984
1379988
1380001
1379992
1379995
1379997
1379998
1379999
1380000
1379993
1379994
1379996
1380002
1380007
1380006
1380008
1380003
1380009
1380004
1380005
1380010
1380011
1380017
1380012
1380014
1380015
1380016
1380018
1380020
1380021
1380019
1380013
1380029
1380022
1380023
1380024
1380025
1380028
1380031
1380030
1380026
1380027
1380032
1380034
1380036
1380040
1380041
1380039
1380035
1380037
1380033
1380038
1380043
1380042
1380045
1380046
1380049
1380050
1380048
1380047
1380051
1380044
1380059
1380052
1380053
1380056
1380057
1380060
1380061
1380055
1380058
1380054
1380070
1380063
1380064
1380067
1380068
1380069
1380071
1380062
1380065
1380066
1380081
1380073
1380075
1380076
1380078
1380079
1380080
1380074
1380072
1380077
1380083
1428722
1380084
1380089
1380090
1380082
1380087
1380088
1380085
1380086
1380098
1380092
1380094
1380097
1380099
1380100
1380101
1380096
1380095
1380093
1380104
1380105
1380109
1380110
1380111
1380106
1380103
1380107
1380102
1380108
1380112
1380113
1380114
1380117
1380120
1380119
1380121
1380118
1380116
1380115
1380124
1380125
1380129
1380130
1380126
1380122
1380123
1380127
1380131
1380128
1380132
1380133
1380134
1380135
1380136
1380137
1380138
1380139
1380140
1380141
