1768168
1768169
1768170
1768173
1768175
1768177
1768171
1768174
1768176
1768172
2155438
1768346
1768339
1768340
1768343
1768347
1768342
1768345
1768348
1768341
1768344
1768349
1768358
1768350
1768351
1768355
1768352
1768354
1768356
1768357
1768353
1768972
1768974
1768976
1768980
1768981
1768982
1768973
1768977
1768975
1768978
1768984
1768983
1768985
1768986
1768990
1768993
1768992
1768987
1768989
1768988
1768997
1768994
1768995
1768996
1768998
1769002
1769003
1769001
1769000
1768999
1769007
1769004
1769005
1769009
1769010
1769013
1769006
1769008
1769011
1769012
1769016
1769017
1769019
1769020
1769021
1769023
1769015
1769022
1769014
1769018
1769034
1769025
1769027
1769032
1769030
1769024
1769029
1769031
1769026
1769033
1769036
1769035
1769037
1769038
1769041
1769042
1769045
1769044
1769043
1769040
1769054
1769046
1769047
1769048
1769052
1769053
1769055
1769056
1769050
1769051
1769060
1769058
1769059
1769061
1769062
1769065
1769066
1769063
1769057
1769064
1769073
1769068
1769069
1769071
1769072
1769074
1769076
1769067
1769075
1769070
1769083
1769078
1769082
1769084
1769085
1769086
1769077
1769080
1769087
1769081
1769088
1769089
1769092
1769093
1769094
1769097
1769098
1769096
1769095
1769091
1769100
1769101
1769102
1769105
1769109
1769108
1769106
1769099
1769107
1769103
1769112
1769117
1769114
1769115
1769116
1769118
1769119
1769113
1769111
1769110
1769122
1769121
1769123
1769124
1769128
1769130
1769127
1769120
1769129
1769126
1769134
1769135
1769131
1769132
1769133
1769136
1769138
1769140
1769141
1769139
1769142
1769143
1769148
1769151
1769145
1769149
1769150
1769146
1769144
1769147
1769152
1769153
1769154
1769155
1769156
1769159
1769160
1769157
1769158
1769161
1769168
1769165
1769166
1769169
1769170
1769171
1769173
1769164
1769167
1769163
1769175
1769176
1769177
1769182
1769179
1769180
1769181
1769178
1769183
1769174
1769184
1769189
1769190
1769191
1769192
1769193
1769187
1769188
1769185
1769186
1769199
1769195
1769196
1769197
1769198
1769201
1769202
1769203
1769204
1769194
1769206
1769210
1769212
1769214
1769215
1769208
1769205
1769211
1769213
1769207
1769218
1769216
1769219
1769221
1769222
1769225
1769226
1769220
1769217
1769223
1769229
1769228
1769230
1769234
1769237
1769231
1769232
1769235
1769233
1769227
1769241
1769246
1769247
1769243
1769242
1769238
1769239
2480106
1769245
1769240
1769244
2581808
1769250
1769248
1769249
1769251
1769253
1769255
1769256
1769254
1769257
1769252
1769258
1769260
1769261
1769262
1769264
1769266
1769267
1769263
1769265
1769259
1769276
1769275
1769269
1769270
1769271
1769273
1769277
1769274
1769272
1769268
1769280
1769283
1769285
1769278
1769281
1769279
1769282
1769286
1769287
1769284
1769293
1769295
1769296
1769297
1769292
1769288
1769291
1769294
1769290
1769289
1769298
1769299
1769300
1769301
1769302
1769305
1769306
1769304
1769303
1769307
1769309
1769312
1769313
1769314
1769316
1769317
1769311
1769308
1769315
1769310
1769318
1769326
1769319
1769321
1769323
1769327
1769328
1769325
1769320
1769324
1769329
1769330
1769331
1769332
1769334
1769335
1769336
1769337
1769338
1769339
