2753670
2753794
2753860
2753862
2753864
2753866
2753858
2753868
2753856
2753672
2754574
2754558
2754564
2754566
2754568
2754572
2754576
2754560
2754570
2754562
3251557
2754578
2754594
2754588
2754590
2754592
2754596
2754582
2754580
2754584
2754586
2754608
2754598
2754600
2754604
2754606
2754610
2754614
2754616
2754612
2754602
2754634
2754618
2754632
2754640
2754642
2754646
2754620
2754630
2754626
2754638
2754648
2754654
2754656
2754660
2754666
2754668
2754672
2754658
2754650
2754662
2754678
2754674
2754686
2754692
2754694
2813659
2754684
2754676
2754688
2754682
2754714
2754696
2754698
2754702
2754712
2754716
2754720
2754704
2754710
2754706
2754726
2754722
2754738
2754742
2754744
2754734
2754732
2754736
2754740
2754728
2754750
2754746
2754752
2754756
2754758
2754760
2754764
2754754
2754748
2754762
2754766
2754772
2754778
2754780
2754782
2754784
2754768
2754774
2754776
2754770
2754786
2754886
2754888
2754890
2754894
2754896
2754898
2754892
2754884
2754900
2754914
2754906
2754908
2754912
2754920
2754902
2754916
2754910
2754904
2754918
2754930
2754922
2754948
2757526
2754926
2754928
2754932
2754934
2754924
2754946
2754968
2754950
2754952
2754954
2754956
2754962
2754966
2754964
2754960
2754958
2754970
2754972
2754980
2754982
2754984
2754988
2754978
2754974
2754986
2754976
2754996
2754992
2754994
2754998
2755000
2755004
2755006
2755008
2755002
2754990
2755028
2755014
2755016
2755018
2755022
2755024
2755026
2755012
2755020
2755010
2755030
2755034
2755036
2755038
2755040
2755042
2755044
2755048
2755032
2755046
3378870
2755068
2755052
2755056
2755058
2755060
2755064
2755066
2755050
2755054
2755062
2755084
2755074
2755080
2755082
2755086
2755088
2755078
2755070
2755072
2755076
2755102
2755092
2755094
2755096
2755100
2755104
2755106
2755108
2755098
2755090
2755112
2755118
2755120
2755124
2755130
2755132
2755128
2755110
2755126
2755122
2757532
2757530
2755142
2755144
2755134
2755146
2755138
2755148
2755136
2755140
2755160
2755150
2755152
2755158
2755162
2755166
2755168
2755154
2755164
2755156
2755188
2755172
2755178
2755182
2755184
2755186
2755180
2755170
2755176
2755174
2755194
2755192
2755190
2755200
2757518
2757520
2757522
2755196
2755198
2757524
2757148
2757150
2757152
2757154
2757156
2757158
2757160
2757164
2757162
2757146
2757184
2757166
2757172
2757176
2757178
2757180
2757182
2757168
2757174
2757170
3603206
3645979
3645981
3673639
2757188
2757186
2757190
2757192
2757196
2757514
2757194
2757198
2757516
2757216
2757228
2757218
2757512
2757226
2757230
2757232
2757234
2757222
2757220
2757224
2757246
2757510
2757248
2757252
2757238
2757250
2757236
2757242
2757244
2757240
2757254
2757256
2757260
2757266
2757268
2757264
2757270
2757258
2757262
3767569
2757292
3769459
2757294
2757300
2757302
2757304
2757306
2757310
2757312
2757308
2757296
2757298
2757322
2757320
2757328
2757330
2757332
2757324
2757326
2757318
2757314
2757316
2757508
2757506
2757342
2757344
2757346
2757348
2757338
2757334
2757336
2757340
2757352
2757386
2757356
2757376
2757380
2757382
2757504
2757378
2757350
2757384
2757388
2757390
2757392
2757394
2757396
2757398
2757400
2757402
2757420
2757422
