3964795
3964785
3964801
3964803
3964807
3964809
3964805
3964791
3964789
3964799
3964817
3964815
3964819
3964823
3964825
3964827
3964811
3964813
3964829
3964821
4166893
3964841
3964833
3964835
3964843
3964845
3964849
3964837
3964839
3964847
3964831
3965125
3965117
3965121
3965123
3965129
3965131
3965135
3965119
3965127
3965133
3965151
3965145
3965149
3965153
3965155
3965141
3965137
3965143
3965139
3965147
3965175
3965157
3965161
3965163
3965165
3965167
3965173
3965169
3965171
3965159
3965185
3965177
3965179
3965181
3965183
3965191
3965187
3965189
3965193
3965195
3965209
3965197
3965201
3965205
3965207
3965211
3965213
3965215
3965199
3965203
3965221
3965217
3965223
3965225
3965227
3965229
3965231
3965219
3965233
3965235
3965249
3965243
3965245
3965247
3965251
3965253
3965255
3965237
3965241
3965239
3965259
3965261
3965263
3965269
3965267
3965275
3965271
3965265
3965273
3965281
3965277
3965283
3965285
3965289
3965291
3965295
3965287
3965279
3965293
3965297
3965299
3965303
3965311
3965315
3965309
3965313
3965305
3965301
3965307
3965319
3965317
3965321
3965323
3965325
3965327
3965329
3965331
3965335
3965333
3965345
3965339
3965343
3965347
3965349
3965355
3965351
3965341
3965337
3965353
3965367
3965359
3965361
3965363
3965369
3965375
3965365
3965357
3965371
3965373
3965383
3965379
3965381
3965385
3965389
3965391
3965395
3965387
3965393
3965377
3965405
3965397
3965399
3965401
3965403
3965409
3965411
3965413
3965415
3965407
3965435
3965417
3965425
3965427
3965431
3965419
3965423
3965429
3965421
3965433
3965453
3965437
3965439
3965441
3965443
3965447
3965449
3965451
3965455
3965445
3965465
3965459
3965461
3965463
3965471
3965475
3965467
3965469
3965473
3965457
3965489
3965477
3965481
3965485
3965487
3965495
3965483
3965491
3965479
3965493
3965503
3965505
3965507
3965511
3965499
3965501
3965497
3965513
3965509
3965515
3965529
3965535
3965519
3965521
3965523
3965525
3965531
3965533
3965517
3965527
3965543
3965537
3965539
3965541
3965547
3965549
3965551
3965553
3965555
3965545
3965559
3965561
3965567
3965565
3965557
3965569
3965573
3965575
3965571
3965563
5187214
5187228
3965581
3965577
3965579
3965587
3965593
3965595
3965583
3965585
3965589
3965591
3965599
3965601
3965603
3965609
3965611
3965607
3965597
3965613
3965615
3965605
5234568
3965633
3965617
3965619
3965623
3965627
3965631
3965635
3965621
3965629
5127522
5127532
5089630
3965625
5187326
3965643
3965639
3965641
3965647
3965649
3965651
3965653
3965637
3965645
3965655
3965661
3965659
3965663
3965665
3965667
3965669
3965671
3965675
3965673
3965657
3965685
3965679
3965687
3965689
3965693
3965695
3965677
3965681
3965683
3965691
3965707
3965697
3965699
3965705
3965709
3965711
3965701
3965703
3965715
3965713
3965725
3965719
3965721
3965727
3965729
3965731
3965735
3965717
3965723
3965733
5187566
5187510
3965753
3965737
3965739
3965749
3965755
3965741
3965751
3965745
3965743
3965747
3965767
3965761
3965769
3965773
3965775
3965765
3965771
3965763
3965759
3965757
3965795
3965779
3965787
3965789
3965791
3965793
3965785
3965777
3965781
3965783
3965797
3965799
3965801
3965803
3965805
3965807
3965809
3965811
3965813
3965815
