5581522
5581518
5581526
5581528
5581530
5581532
5581514
5581520
5581524
5581516
5582452
5582454
5582456
5582464
5582468
5582458
5582460
5582470
5582466
5582462
5582474
5582480
5582482
5582484
5582486
5582490
5582476
5582472
5582488
5582478
5582492
5582494
5582496
5582504
5582506
5582508
5582510
5582500
5582502
5582498
5582524
5582512
5582514
5582522
5582526
5582530
5582518
5582528
5582516
5582520
5582540
5582534
5582536
5582538
5582542
5582544
5582548
5582532
5582550
5582546
5582556
5582558
5582560
5582564
5582566
5582552
5582562
5582554
5582568
5582570
5582580
5582572
5582574
5582576
5582578
5582586
5582582
5582584
5582588
5582590
5582610
5582594
5582600
5582602
5582608
5582604
5582592
5582606
5582596
5582598
5582628
5582612
5582616
5582620
5582622
5582624
5582630
5582626
5582614
5582618
5582634
5582632
5582636
5582640
5582650
5582638
5582642
5582646
5582648
5582644
5582656
5582660
5582664
5582666
5582668
5582670
5582652
5582658
5582662
5582654
5582688
5582672
5582674
5582676
5582678
5582684
5582690
5582682
5582680
5582686
5582694
5582698
5582700
5582702
5582696
5582704
5582692
5582706
5582708
5582710
5582720
5582714
5582716
5582722
5582726
5582728
5582718
5582730
5582712
5582724
5582734
5582736
5582738
5582742
5582746
5582750
5582732
5582744
5582748
5582740
5582758
5582752
5582754
5582762
5582764
5582768
5582770
5582760
5582756
5582766
5582776
5582774
5582778
5582780
5582782
5582784
5582786
5582788
5582790
5582772
5582808
5582804
5582792
5582794
5582798
5582802
5582806
5582810
5582800
5582796
5582826
5582812
5582814
5582816
5582818
5582820
5582822
5582824
5582830
5582828
5582846
5582834
5582836
5582840
5582842
5582848
5582850
5582838
5582832
5582844
5582852
5582854
5582858
5582864
5582866
5582868
5582862
5582870
5582860
5582856
5582878
5582876
5582880
5582882
5582886
5582888
5582890
5582874
5582872
5582884
5582908
5582892
5582898
5582900
5582904
5582906
5582896
5582894
5582902
5582910
5582912
5582916
5582930
5582918
5582926
5582920
5582922
5582928
5582914
5582924
5582932
5582934
5582936
5582940
5582946
5582948
5582942
5582950
5582938
5582944
5582970
5582954
5582956
5582960
5582962
5582966
5582968
5582958
5582952
5582964
6687033
5582972
5582974
5582980
5582984
5582986
5582978
5582988
5582990
5582982
5582976
5582998
5582992
5583002
5583006
5583010
5582994
5582996
5583000
5583004
5583008
5583018
5583012
5583020
5583024
5583026
5583028
5583030
5583016
5583014
5583022
5583032
5583082
5583084
5583086
5583090
5583092
5583036
5583034
5583088
5583038
5583106
5583102
5583104
5583108
5583110
5583112
5583094
5583100
5583098
5583096
5583116
5583120
5583122
5583126
5583132
5583118
5583128
5583130
6722147
5583114
5583148
5583136
5583138
5583144
5583146
5583150
5583152
5583142
5583140
5583134
5583160
5583154
5583162
5583166
5583168
5583172
5583164
5583156
5583170
5583158
5583182
5583176
5583184
5583186
5583190
5583192
5583180
5583188
5583178
5583174
5583202
5583194
5583200
5583204
5583208
5583212
5583196
5583206
5583198
5583210
5583214
5583216
5583218
5583220
5583222
5583224
5583226
5583228
5583230
5583232
