6767929
6767928
6767936
6767932
6767933
6767930
6767931
6767935
6767934
6767937
6767951
6767949
6767952
6767943
6767954
6767948
6767947
6767945
6767944
6767946
6767960
6767961
6767958
6767963
6767959
6767957
6767964
6767962
6767956
6767950
6768027
6768035
6768031
6768029
6768028
6768032
6768033
6768030
6768036
6768037
6768043
6768034
6768039
6768046
6768044
6768040
6768041
6768045
6768038
6768042
6768050
6768049
6768067
6768070
6768063
6768066
6768051
6768065
6768047
6768062
6768068
6768069
6768048
6768081
6768071
6768072
6768079
6768064
6768076
6768077
6768085
6768083
6768075
6768078
6768084
6768082
6768074
6768080
6768073
6768092
6768096
6768094
6768095
6768091
6768088
6768090
6768089
6768093
6768086
6768104
6768098
6768099
6768105
6768102
6768100
6768111
6768117
6768087
6768101
6768103
6768097
6768108
6768112
6768113
6768110
6768118
6768109
6768106
6768115
6768107
6768129
6768120
6768124
6768125
6768123
6768121
6768127
6768114
6768116
6768119
6768137
6768130
6768141
6768126
6768132
6768131
6768139
6768128
6768136
6768122
6768133
6768134
6768142
6768140
6768145
6768135
6768143
6768151
6768148
6768138
6768164
6768156
6768144
6768147
6768159
6768157
6768152
6768158
6768149
6768146
6768166
6768160
6768153
6768155
6768163
6768150
6768168
6768154
6768177
6768162
6768167
6768165
6768172
6768176
6768170
6768171
6768173
6768179
6768169
6768161
6768188
6768175
6768189
6768174
6768180
6768178
6768182
6768181
6768184
6768185
6768334
6768329
6768332
6768371
6768351
6768325
6768346
6768372
6768327
6768322
6768373
6768376
6768335
6768341
6768333
6768344
6768330
6768350
6768320
6768331
6768183
6768191
6768190
6768186
6768192
6768196
6768203
6768187
6768198
6768207
6768216
6768194
6768200
6768213
6768206
6768205
6768193
6768195
6768197
6768199
6768204
6768211
6768201
6768215
6768226
6768210
6768209
6768212
6768202
6768208
6768214
6768221
6768218
6768217
6768245
6768219
6768224
6768220
6768223
6768228
6768233
6768225
6768232
6768236
6768229
6768247
6768231
6768230
6768222
6768227
6768248
6768251
6768246
6768250
6768256
6768244
6768243
6768235
6768234
6768254
6768261
6768253
6768249
6768257
6768255
6768258
6768269
6768259
6768264
6768252
7030794
7030780
6768266
6768268
6768270
6768260
6768263
6768267
6768272
6768265
6768282
6768262
6768278
6768275
6768274
6768271
6768283
6768273
6768295
6768276
6768277
6768280
6768297
6768281
6768284
6768285
6768306
6768291
6768287
6768288
6768286
6768290
7030822
7030820
7030823
7030821
7030781
6768294
6768289
6768292
6768307
6768296
6768298
6768300
6768302
6768299
6768293
6768301
6768303
6768310
6768316
6768318
6768315
6768312
6768305
6768304
6768313
6768324
6768311
6768314
6768317
6768309
6768323
6768319
6768308
6768326
6768321
6768349
6768328
6768336
6768338
6768348
6768381
6768357
6768345
6768374
6768367
7038620
6768340
6768385
6768342
6768355
6768382
6768347
6768352
6768384
6768362
7030795
6768343
6768339
6768375
6768387
6768366
6768358
6768365
6768337
6768390
6768392
6768354
6768378
6768353
6768359
6768380
6768388
6768361
6768369
6768398
6768364
6768386
6768363
6768356
6768377
6768368
6768383
6768370
6768360
6768391
6768379
6768393
7073008
