7089875
7089878
7089874
7089876
7089880
7089879
7089877
7089873
7089871
7089872
7090014
7090031
7090382
7090015
7090030
7090019
7090016
7090013
7090017
7090018
7090025
7090021
7090024
7090029
7090023
7090022
7090026
7090027
7090020
7090028
7090039
7090037
7090036
7090041
7090034
7090035
7090032
7090038
7090040
7090033
7090047
7090048
7090050
7090046
7090045
7090049
7090051
7090044
7090042
7090043
7090058
7090061
7090054
7090056
7090052
7090055
7090059
7090060
7090053
7090057
7090063
7090066
7090068
7090065
7090069
7090062
7090067
7090070
7090064
7090071
7090079
7090075
7090078
7090073
7090081
7090072
7090074
7090076
7090077
7090080
7090122
7090116
7090102
7090098
7090119
7090109
7090123
7090096
7090088
7090092
7090090
7090110
7090087
7090107
7090095
7090085
7090097
7090127
7090100
7090118
7090084
7090130
7090083
7090121
7090106
7090156
7090113
7090108
7090157
7090126
7090112
7090129
7090103
7090082
7090099
7090125
7090161
7090114
7090131
7090101
7090132
7090115
7090117
7090128
7090188
7090089
7090135
7090111
7090104
7090150
7090091
7090120
7090105
7090094
7090175
7090166
7090172
7090086
7090124
7090093
7090151
7090177
7090160
7090181
7090143
7090180
7090164
7090138
7090149
7090141
7090159
7090167
7090136
7090137
7090165
7090171
7090133
7090173
7090187
7090168
7090179
7090147
7090139
7090158
7090163
7090193
7090190
7090142
7090214
7090185
7090134
7090170
7090148
7090162
7090186
7090169
7090230
7090183
7090182
7090144
7090145
7090176
7090189
7090146
7090286
7090229
7090285
7090140
7090174
7090184
7090178
7090228
7090236
7090224
7090199
7090200
7090213
7090220
7090226
7090284
7090219
7090245
7090211
7090208
7090283
7090204
7090221
7090222
7090215
7090210
7090218
7090217
7090209
7090207
7090198
7090216
7090197
7090241
7090203
7090238
7090343
7090242
7090361
7090205
7090212
7090192
7090243
7090202
7090235
7090206
7090369
7090234
7090386
7090194
7090195
7090237
7090196
7090232
7090246
7090256
7090362
7090255
7090240
7090191
7090231
7090244
7090239
7090375
7090233
7090227
7090388
7090223
7090364
7090291
7090346
7090292
7090278
7090225
7090293
7090259
7374908
7389496
7090357
7090376
7090280
7090290
7090270
7090265
7090271
7090345
7090252
7090289
7090263
7090266
7090248
7090281
7090282
7090253
7090367
7090288
7090012
7090273
7374903
7374907
7374906
7389498
7389497
7090251
7090262
7090373
7090279
7090272
7090301
7090360
7090300
7090257
7090264
7090275
7090254
7090389
7090260
7090294
7090277
7090276
7090287
7090299
7090387
7090250
7090258
7090268
7090269
7090374
7090390
7090295
7090348
7090247
7090274
7090302
7090310
7090333
7090311
7090296
7090267
7090365
7090261
7090377
7090249
7090298
7090358
7090297
7090304
7090307
7090338
7090326
7090318
7090368
7090308
7090340
7090383
7090335
7090313
7090337
7090312
7090303
7090356
7090355
7090353
7374909
7389502
7389503
7389501
7090336
7090344
7090354
7090305
7090370
7090385
7090331
7090339
7090334
7090328
7090350
7090323
7090325
7090371
7090330
7090332
7090315
7090341
7090363
7090322
7090372
7090314
7090329
7090359
7090352
7090342
7090316
7090347
7090306
7090319
7090384
7090349
7090366
7090351
7090324
7090320
7090327
7090309
7090321
7090317
