7437077
7437084
7437076
7437085
7437079
7437082
7437080
7437078
7437081
7437083
7437724
7437730
7437726
7437729
7437733
7438040
7437725
7437727
7437731
7437728
7437801
7437746
7437798
7437778
7437784
7437750
7437762
7437793
7437766
7437780
7437749
7437773
7437790
7437756
7437779
7437760
7437737
7437735
7437781
7437757
7437800
7437742
7437802
7437764
7437771
7437799
7437803
7437768
7437763
7437751
7437752
7437740
7437758
7437747
7437755
7437738
7437788
7437782
7437789
7437774
7437786
7437794
7437745
7437734
7437796
7437753
7437759
7437772
7437754
7437776
7437765
7437736
7437743
7437744
7437797
7437770
7437787
7437785
7437761
7437769
7437843
7437863
7437924
7437845
7437847
7437826
7438096
7437864
7437880
7437904
7437748
7437775
7437741
7437767
7437791
7437795
7437792
7437783
7437777
7437739
7437804
7437921
7437883
7437881
7437894
7437817
7437832
7437820
7437866
7437811
7437887
7437879
7437809
7437816
7437839
7437914
7437915
7437818
7438102
7437891
7438079
7437830
7437840
7437873
7437885
7437870
7437888
7438083
7437829
7437909
7438097
7438098
7437923
7437919
7437884
7437916
7437874
7437868
7437822
7437834
7437819
7437886
7437824
7437895
7437806
7437896
7438100
7437892
7437902
7437814
7437823
7437807
7437815
7437925
7437908
7437878
7438099
7437825
7437844
7437841
7437808
7437813
7438101
7437906
7437875
7437905
7437890
7437833
7437898
7437821
7437877
7437882
7437899
7437828
7437942
7437805
7437869
7437920
7437910
7437867
7437836
7437838
7437918
7438075
7437835
7437827
7437871
7437889
7437810
7437911
7437897
7437913
7438089
7437903
7437812
7437922
7437926
7437907
7437837
7437865
7437900
7437872
7437912
7437893
7437842
7437917
7437831
7438087
7437901
7437876
7438002
7437935
7437974
7437928
7437954
7438103
7437986
7437957
7437936
7437976
7437971
7437946
7437999
7437989
7438001
7438109
7437978
7438013
7437991
7437963
7438004
7437970
7437940
7437948
7438104
7437929
7437964
7437945
7437953
7437977
7437984
7438105
7437993
7437968
7437950
7437965
7437947
7437943
7437933
7437980
7437934
7438108
7438006
7437988
7437956
7437997
7438107
7437941
7437981
7437995
7437982
7437962
7437927
7438106
7437961
7437944
7437992
7437973
7437958
7437966
7437985
7438007
7438008
7437930
7437983
7438005
7438009
7437939
7437955
7437969
7437932
7437987
7437951
7437975
7437979
7438000
7437967
7438003
7437937
7437938
7437960
7437949
7437998
7437990
7437994
7437959
7437952
7437972
7437996
7437931
7438019
7438012
7438016
7438020
7438011
7438014
7438015
7438018
7438017
7438010
7759902
7769665
7769666
7769670
7769667
7769668
7438035
7438090
7438031
7438059
7438077
7438092
7437732
7438045
7438050
7438061
7438047
7438073
7438070
7438053
7438025
7438082
7438086
7438032
7438052
7438049
7438046
7438030
7438021
7438074
7438085
7438054
7438063
7438064
7438034
7438039
7759900
7759901
7759903
7438072
7438060
7438094
7438051
7438022
7438036
7438042
7769669
7438066
7438027
7438028
7438091
7438056
7438048
7438093
7438038
7438037
7438078
7438071
7438026
7438081
7438065
7438095
7438084
7438044
7438029
7438062
7438057
7438024
7438023
7438076
7438055
7438033
7438058
7438041
7438080
7438067
7438043
