7827861
7827868
7827862
7827865
7827864
7827867
7827870
7827863
7827869
7827866
7827898
7827895
7827899
7827903
7827909
7827900
7827897
7827902
7827896
7827901
7827920
7827905
7827904
7827911
7827912
7827908
7827913
7827910
7827906
7827907
7827919
7827914
7827918
7827916
7827915
7827926
7827922
7827921
7827917
7827923
7827942
7827938
7827925
7827940
7827939
7827932
7827943
7827946
7827941
7827924
7827945
7827955
7827947
7827961
7827960
7827962
7827963
7827949
7827966
7827944
7827983
7827964
7827971
7827967
7827977
7827982
7827984
7827969
7827970
7827965
7827987
7827985
7827990
7827989
7828001
7828004
7827988
7827986
7828003
7827991
7828007
7828005
7828010
7828009
7828014
7828013
7828024
7828008
7828017
7828006
7827928
7827930
7827927
7827934
7827936
7827935
7827929
7827933
7827931
7827937
7827950
7827956
7827953
7827957
7827954
7827951
7827959
7827958
7827952
7827948
7827968
7827973
7827978
7827975
7827979
7827972
7827976
7827974
7827980
7827981
7827994
7827992
7828000
7827996
7827997
7828002
7827998
7827993
7827999
7827995
7828015
7828011
7828020
7828019
7828021
7828018
7828023
7828022
7828016
7828012
7828037
7828035
7828040
7828042
7828039
7828043
7828033
7828038
7828044
7828041
7828058
7828064
7828060
7828056
7828059
7828062
7828061
7828053
7828063
7828057
7828072
7828068
7828070
7828074
7828067
7828073
7828071
7828069
7828066
7828065
7828080
7828078
7828076
7828077
7828088
7828075
7828081
7828079
7828082
7828083
7828089
7828091
7828094
7828092
7828093
7828096
7828090
7828095
7828098
7828097
7828105
7828102
7828109
7828106
7828103
7828107
7828110
7828100
7828108
7828104
7828027
7828026
7828032
7828025
7828031
7828029
7828030
7828028
7828034
7828036
7828052
7828047
7828054
7828049
7828050
7828045
7828055
7828046
7828051
7828048
7828120
7828085
7828113
7828111
7828101
7828087
7828086
7828112
7828084
7828099
7828130
7828131
7828133
7828132
7828128
7828134
7828126
7828129
7828125
7828127
7828147
7828150
7828145
7828146
7828151
7828143
7828144
7828149
7828152
7828148
7828163
7828164
7828169
7828167
7828168
7828170
7828166
7828162
7828171
7828165
7828186
7828181
7828188
7828184
7828183
7828185
7828182
7828191
7828187
7828189
8170431
7828204
7828206
7828202
7828205
7828199
7828208
7828207
7828209
7828200
7828203
7828229
7828227
7828221
7828223
7828225
7828219
7828224
7828220
7828222
7828226
7828245
7828241
7828242
7828237
7828246
7828247
7828238
7828244
7828240
7828243
7828117
7828114
7828121
7828116
7828123
7828122
7828119
7828115
7828118
7828264
8167494
8170432
8170436
8170438
8151144
7828142
7828140
7828141
7828124
7828135
7828136
7828138
7828262
7828137
7828139
7828161
7828160
7828159
7828154
7828155
7828156
7828157
7828153
7828265
7828158
8167491
7828176
7828179
7828177
7828172
7828175
7828174
7828261
7828180
7828173
7828178
7828197
7828198
7828193
7828192
7828260
7828190
7828194
7828201
7828196
7828195
7828213
7828214
7828211
7828218
7828216
7828263
7828210
7828215
7828217
7828212
7828233
7828230
7828232
7828258
7828236
7828235
7828239
7828228
7828234
7828231
7828251
7828256
7828255
7828252
7828250
7828259
7828248
7828249
7828254
7828253
