8243388
8243390
8243397
8243395
8243391
8243396
8243393
8243389
8243392
8243394
8243414
8243412
8243411
8243415
8243421
8243422
8243413
8243417
8243416
8243418
8243420
8243423
8243424
8243419
8243432
8243429
8243426
8243425
8243433
8243435
8243437
8243430
8243431
8243428
8243440
8243438
8243439
8243434
8243436
8243427
8243442
8243445
8243444
8243456
8243454
8243452
8243446
8243443
8243453
8243441
8243465
8243450
8243447
8243451
8243459
8243462
8243455
8243464
8243449
8243448
8243470
8243461
8243463
8243458
8243457
8243472
8243474
8243466
8243460
8243468
8243475
8243467
8243473
8243485
8243484
8243482
8243471
8243469
8243480
8243476
8243479
8243478
8243477
8243486
8243483
8243494
8243493
8243481
8243489
8243488
8243497
8243490
8243487
8243506
8243498
8243491
8243496
8243492
8243495
8243504
8243499
8243502
8243503
8243505
8243510
8243507
8243515
8243516
8243500
8243501
8243518
8243513
8243508
8243509
8243520
8243524
8243512
8243514
8243526
8243511
8243536
8243522
8243523
8243525
8243521
8243517
8243535
8243529
8243530
8243519
8243532
8243533
8243531
8243534
8243546
8243537
8243540
8243542
8243527
8243528
8243556
8243539
8243553
8243538
8243541
8243548
8243543
8243555
8243544
8243545
8243554
8243550
8243558
8243566
8243547
8243551
8243552
8243560
8243549
8243564
8243565
8243562
8243557
8243559
8243567
8243572
8243575
8243571
8243563
8243561
8243573
8243577
8243576
8243570
8243569
8243574
8243584
8243568
8243579
8243578
8532930
8243594
8243586
8243580
8243581
8243585
8243582
8243587
8243598
8243583
8243599
8243588
8243591
8243600
8243596
8243602
8243605
8243597
8243589
8243592
8243595
8243590
8243603
8243593
8243601
8243612
8243606
8243619
8243615
8243604
8243607
8243620
8243618
8243617
8243608
8243614
8243622
8243625
8243613
8243609
8243616
8243635
8243610
8243629
8243621
8243632
8243631
8243634
8243611
8243624
8243623
8243641
8243626
8243643
8243627
8243633
8243638
8243640
8243628
8243636
8243630
8243648
8243637
8243644
8243655
8243642
8243647
8243650
8243645
8243646
8243639
8243663
8243659
8243654
8243662
8243729
8243652
8243651
8243649
8243653
8243660
8578694
8243730
8243722
8243733
8243734
8243731
8243696
8243721
8243703
8243732
8243724
8243697
8243704
8243713
8243695
8243700
8243680
8243705
8243707
8243676
8243712
8674007
8674008
8243674
8243687
8243686
8243685
8243683
8243664
8243672
8243682
8243670
8243661
8684143
8684147
8684146
8684149
8684148
8684151
8684150
8684155
8684156
8684152
8684166
8684165
8684158
8684157
8684159
8684160
8684161
8684162
8684163
8684164
8684167
8684169
8684168
8684177
8684171
8684172
8684170
8684176
8684175
8684174
8692237
8692232
8692233
8692236
8692229
8692234
8692235
8692230
8692231
8692238
8692245
8692246
8692243
8692240
8692239
8692241
8692244
8692247
8692248
8692242
8692260
8692256
8692257
8692251
8692255
8692252
8692253
8692254
8692258
8692259
8692270
8692269
8692263
8692265
8692267
8692266
8692268
8692264
8692262
8692271
8692272
8692275
8692273
8692276
8692280
8692278
8692277
8692281
8692279
8692274
8692287
8692283
8692290
8692282
8692285
8692288
8692284
8692286
8692291
8692289
