8896967
8896988
8896804
8896805
8896944
8896949
8896963
8896992
8896986
8896998
9258868
9258869
8896970
8896915
8896928
8896947
8896924
8896922
8897016
8896919
8896950
8896925
8896929
8896933
8896983
8896923
8896946
8896939
8896934
8896960
8896937
8896930
8897005
8896893
8896898
8896897
8896896
8896905
8896901
8896910
8896904
8896884
8897007
8896911
8896916
8897001
8896879
8896907
8896878
8896913
8896881
8896918
8896882
8896890
8896887
8897003
8896880
8896891
8896892
8896875
8896886
8896877
8896874
8896861
8896888
8896865
8896885
8896867
8896859
8897002
8896858
8896863
8896871
8896876
8896866
8896869
8896868
8896847
8896851
8896870
8896883
8896873
8896848
8896994
8896862
8896854
8896850
8896852
8896855
8896849
8896853
8896856
8896999
8896860
8896975
8896979
8896996
8896981
8896864
8896857
8896962
8896995
8896940
8896961
8896966
8897000
8896957
8897014
8896976
8896985
8896977
8897009
9282832
8896956
8896980
8897011
8896973
8896941
8896974
8896997
8896952
8896991
8896948
8896989
8896943
8896993
8896953
8896954
8896938
8897012
8896987
8896990
8896958
8896984
8896972
8896964
8896982
8896968
8896959
8896951
8897010
8896969
8896945
8897006
8896971
8896912
8896978
8896921
8896920
8896914
8896936
8896927
8896926
8896931
8896932
8896955
8896935
8897008
8896965
8896889
8896942
8896895
8897013
9277342
9326472
8897004
8896909
8896917
8896899
8896894
8896902
8896900
8896906
8896903
8896908
9326482
8897056
8897047
8897049
8897053
8897071
8897046
8897055
8897070
8897060
8897041
9326456
9356100
8897068
8897061
8897059
8897062
8897065
8897058
8897052
8897066
8897057
8897048
9501660
8897037
8897044
8897045
8897031
8897025
8897040
8897020
8897042
8897038
8897033
8897054
8897043
8897021
8897018
8897030
8897023
8897050
8897051
8897027
8897039
8897019
8897028
8897029
8897034
8897024
8897015
8897022
8897017
8897036
8897035
8897032
8897026
8897130
8897144
8897150
8897161
8897104
8897173
8897118
8897151
8897201
8897225
8897202
8897111
8897165
8897096
8897124
8897177
8897107
8897182
8897178
8897137
8897117
8897136
8897125
8897140
8897102
8897093
8897145
8897100
8897092
8897098
8897163
8897089
8897153
8897080
8897088
8897114
8897094
8897122
8897091
8897101
8897087
8897097
8897095
8897090
8897099
8897106
8897082
8897105
8897079
8897063
8897078
8897069
8897067
8897081
8897064
8897076
8897073
8897083
8897077
8897085
8897191
8897074
8897142
8897072
8897086
8897135
8897075
8897203
9437903
8897167
8897210
8897181
8897146
8897159
8897195
8897171
8897164
8897189
8897148
8897128
8897120
8897154
8897172
8897175
8897180
8897188
8897206
8897170
8897179
8897119
8897127
8897147
8897113
8897211
8897194
8897214
8897187
8897196
8897126
9502921
8897121
8897185
8897132
8897149
8897186
8897209
8897205
8897213
8897183
8897169
8897115
8897139
8897116
8897109
8897190
8897166
8897131
8897134
8897129
8897212
9507199
8897123
8897204
8897112
8897219
8897193
8897143
8897208
8897162
8897110
8897103
8897133
8897155
8897157
8897141
8897156
8897138
8897192
8897184
8897197
8897215
8897200
8897160
8897108
8897174
8897207
8897158
8897198
8897168
8897152
8897199
8897229
8897218
8897221
8897220
8897228
8897227
8897222
8897226
8897223
8897224
