9576151
9576081
9576162
9576259
9576149
9576403
9576160
9576193
9576414
9576188
9576069
9576209
9576143
9576170
9576187
9576184
9576076
9576150
9576412
9576389
9576260
9576152
9576147
9576383
9576240
9576386
9576148
9576190
9576132
9576382
9576085
9576408
9576087
9576165
9576135
9576173
9576166
9576168
9576077
9576114
9576075
9576397
9576406
9576156
9576080
9576189
9576229
9576398
9576251
9576161
9576243
9576159
9576417
9576145
9576195
9576154
9576163
9576116
9576157
9576384
9576409
9576411
9576127
9576371
9576478
9576124
9576219
9576442
9576376
9576109
9576185
9576394
9576368
9576230
9576177
9576136
9576374
9576391
9576480
9576126
9576120
9576385
9576479
9576422
9576121
9576115
9576113
9576373
9576232
9576117
9576470
9576098
9576186
9576423
9576072
9576183
9576169
9576140
9576070
9576134
9576130
9576129
9576216
9576137
9576401
9576153
9576180
9576141
9576125
9576419
9576217
9576068
9576399
9576133
9576067
9576214
9576264
9576276
9576142
9576106
9576128
9576082
9576204
9576084
9576090
9576071
9576083
9576167
9576424
9576155
10114687
9576099
9576178
9576402
9576088
9576206
9576175
9576400
9576367
9576207
9576372
9576375
9576095
9576079
9576369
9576089
9576122
9576379
9576255
9576270
9576078
9576380
9576111
9576086
9576139
9576107
9576179
9576176
9576203
9576469
9576405
10144879
9576247
9576413
9576407
9576104
9576108
9576105
9576377
9576110
9576237
9576393
10054000
10065225
10054009
10085333
9576410
9576091
9576097
9576158
9576094
9576378
9576181
9576096
9576254
9576093
10045752
10045753
10045754
10098608
10114688
10196711
10236823
9576146
9576172
9576370
9576366
9576286
9576387
9576092
9576381
9576390
9576182
10114693
10144893
10196719
9576118
9576221
9576191
9576225
9576196
9576144
9576395
9576192
9576194
9576112
10114694
10144887
10144888
9576271
9576416
9576171
9576415
9576103
9576446
9576174
9576396
9576392
9576123
10144889
10236824
9576268
9576278
9576427
9576349
9576350
9576316
9576274
9576342
9576361
9576450
10131311
10236815
9576363
9576324
9576451
9576440
9576333
9576439
9576297
9576332
9576339
9576334
9576438
9576323
9576351
9576359
9576326
9576345
9576317
9576341
9576289
9576290
9576432
9576314
9576329
9576319
9576449
9576309
9576300
9576463
9576295
9576305
10196712
9576222
9576227
9576420
9576210
9576211
9576421
9576226
9576459
9576301
9576223
9576208
9576445
9576224
9576307
9576228
9576199
9576460
9576231
9576233
9576201
10144875
10236816
9576287
9576200
9576418
9576213
9576202
9576288
9576292
9576302
9576215
9576205
9576337
9576448
9576426
9576253
9576252
9576249
9576325
9576444
9576212
9576250
9576461
9576425
9576261
9576328
9576257
9576246
9576256
9576248
9576235
9576338
10196718
10196717
10196714
10196713
10236818
9576236
9576320
9576306
9576238
9576234
9576447
9576327
9576239
9576315
9576241
9576280
9576242
9576245
9576284
9576285
9576431
9576244
9576452
9576281
9576282
9576304
9576346
9576291
9576435
9576296
9576347
9576294
9576279
9576303
9576348
10236821
10236820
10277713
10236819
9576258
9576267
9576277
9576273
9576263
9576428
9576262
9576443
9576266
9576265
9576434
9576269
9576275
9576358
9576318
9576272
9576335
9576360
9576429
9576283
9576330
9576321
9576343
9576336
9576322
9576357
9576454
9576331
9576344
9576340
9576293
9576298
9576362
9576453
9576433
9576310
9576462
9576464
9576356
9576430
9576311
9576312
9576354
9576353
9576308
9576352
9576355
9576299
9576220
9576218
