10385741
10385502
10385483
10385501
10385498
10385518
10385509
10385491
10385511
10385514
10385503
10385500
10385743
10385530
10385737
10385527
10385510
10385528
10385525
10385740
10385739
10385520
10385537
10385539
10385738
10385519
10385543
10385538
10385532
10385531
10385567
10385556
10385557
10385552
10385547
10385554
10385742
10385563
10385568
10385551
10385588
10385559
10385585
10385758
10385574
10385759
10385590
10385564
10385582
10385573
10385599
10385577
10385757
10385608
10385600
10385744
10385595
10385569
10385576
10385750
10385609
10385591
10385746
10385605
10385747
10385603
10385598
10385618
10385611
10385614
10913240
10979293
10913242
11047751
11047752
11055513
11077408
11077461
11077466
11077467
10385745
10385627
10385639
10385626
10385624
10385641
10385635
10385615
10385623
10385634
11007089
11055512
11077468
10385648
10385748
10385629
10385749
10385659
10385657
10385661
10385656
10385642
10385631
10385649
10385760
10385695
10385689
10385653
10385686
10385687
10385644
10385762
10385761
10385682
10385704
10385696
10385705
10385753
10385680
10385700
10385693
10385692
10385752
10385713
10385707
10385755
10385718
10385729
10385715
10385725
10385708
10385706
10913239
10385728
10385721
10385730
10385751
10385732
10385754
10385368
10385361
10385365
10385359
10385380
10385366
10385367
10385363
10385377
10385362
10385378
10385373
10385364
10385360
10385384
10385385
10385388
10385374
10385390
10385376
10385379
10385371
10385372
10385375
10385383
10385386
10385400
10385382
10385387
10385395
10385381
10385393
10385389
10385399
10385397
10385394
10385391
10385406
10385404
10385398
10385396
10385392
10385401
10385403
10385402
10385405
10385408
10385410
10385407
10385418
10385413
10385409
10385414
10385412
10385428
10385416
10385421
10385419
10385415
10385411
10385417
10385420
10385424
10385429
10385423
10385426
10385436
10385422
10385425
10385438
10385439
10385435
10385427
10385433
10385443
10385431
10385434
10385449
10385444
10385430
10385432
10385445
10652685
10385437
10385441
10385450
10385448
10385446
10385440
10688772
10385454
10385458
10385459
10385442
10385467
10385451
10385468
10385461
10385466
10385457
10385460
10385464
10385452
10385456
10385462
10385474
10385475
10385472
10385463
10385465
10385479
10385470
10652688
10385477
10385473
10385489
10385471
10385478
10385480
10385482
10385476
10385486
10652689
10385488
11077474
11227333
10517280
10385490
10385485
10385481
10385487
10385495
10385492
10385496
10385507
10652686
11014934
10385494
10385516
10385515
10385513
10385504
10385499
10385512
10652679
10385517
10385505
10385521
10385536
10385529
10385524
10385544
10385540
10385526
10385522
10385533
10385523
11157124
11157238
11157237
10385561
10385553
10385541
10385534
10385545
10385560
10385535
10385555
10385558
10385542
10385578
10385549
10385548
10385550
10385570
10385562
10385571
10385580
10385546
10385572
10385566
10385565
10385583
10385581
10385589
10385575
10385586
10385579
10385587
10385584
10385607
10385592
10385601
10385594
10385593
10385597
10385617
10385596
10385610
10385606
11230172
11230171
10385613
10385630
10385621
10385602
10385633
10385616
10385636
10385612
10385628
10385604
10385640
10385619
10385622
10385625
10385638
10385632
10385645
10385647
10385652
11205391
10385637
10385655
10385651
10385662
10385654
10385658
10385646
10385660
11155330
10385650
10385683
10385694
10385697
10385681
10385702
10385698
10385688
10385685
10385684
11196472
10385723
10385703
10385691
10385690
10385701
10385716
10385719
10385722
10385714
10385699
11227334
10385712
10385710
10385711
10385709
10385727
10385724
10385726
10385733
10385717
10385731
