8747890
8747908
8747877
8747906
8747917
8747907
8747905
8747800
8747940
8747891
8894042
8894041
9157881
9291259
8747919
8747920
8747944
8747947
8747946
8747796
8747941
8747943
8747945
8747942
8747904
8747894
8747948
8747887
8747791
8747789
8747909
8747913
8747910
8747949
8747798
8747951
8747954
8747956
8747953
8747950
8747952
8747799
8747955
8747788
8747892
8747960
8747889
8747957
8747885
8747959
8747958
8747878
8747961
8747786
8747963
8747795
8747882
8747896
8747965
8747785
8747874
8747962
8747966
8747964
9157887
9157880
8747884
8747787
8747782
8747902
8747880
8747967
8747968
8747797
8747970
8747969
8747901
8747900
8747879
8747916
8747911
8747897
8747792
8747915
8747886
8747914
8747783
8747875
8747893
8747876
8747903
8747784
8747899
8747793
8747881
8747971
8747790
8747888
8747781
8747895
8747898
8747972
8747912
8747918
8747794
8747883
8747801
8747805
8747923
8747804
8747819
8747817
8747803
8747938
8747816
8747802
8747823
8747824
8747933
8747928
8747836
8747831
8747937
8747935
8747829
8747810
8747929
8747838
8747843
8747837
8747934
8747841
8747924
8747811
8747932
8747835
8747936
8747809
8747931
8747808
8747834
8747820
8747818
8747927
8747812
8747814
8747828
8747822
8747830
8747826
8747833
8747926
8747922
8747825
8747821
8747827
8747832
8747842
9095217
8747840
8747921
8747839
8747806
8747813
8747930
8747925
8747807
9157886
9157884
8598612
8598630
8598828
8598697
8598661
8598650
8598662
8598654
8598772
8598631
8598649
8598668
8598634
8598628
8598741
8598750
8598663
8598759
8598674
8598635
9156415
9157883
8598671
8598617
8598660
8598797
8598616
8598645
8598704
8598723
8598781
8598576
8598710
8598632
8598699
8598680
8598673
8598633
8598788
8598695
8598603
8598619
8598648
8598646
8598552
8598714
8598670
8598647
8598627
8598727
8598708
8598608
8598559
8598780
8598545
8598573
8598678
8598698
8598527
8598550
8598568
8598679
8598570
8598537
8598677
8598555
8598707
8598544
8598532
8598563
8598526
8598587
9293620
8598579
8598553
8598588
8598578
8598692
8598549
8598584
8598790
8598686
8598767
8598667
8598717
8598768
8598554
8598787
8598643
8598758
8598528
8598541
8598546
8598644
8598548
8598507
8598732
8598749
8598538
8598523
8598509
8598542
8598524
8598564
8598666
8598534
8598539
8598558
8598718
8598786
8598556
8598783
8598535
8598730
8598722
8598622
8598597
8598516
8598653
8598620
8598764
8598519
8598593
8598618
8598625
8598607
8598562
8598567
8598637
8598760
8598735
8598655
8598572
8598580
8598613
8598739
8598726
8598703
8598583
8598621
8598725
8598659
8598623
8598672
8598743
8598540
8598566
8598684
8598575
8598595
8598719
8598560
8598586
8598543
8598565
8598591
8598796
8598577
8598596
8598582
8598774
8598729
8598602
8598599
8598784
8598604
8598585
8598551
8598571
8598569
8598606
8598574
8598557
8598636
8598775
8598589
8598581
8598594
8598605
8598642
8598598
8598754
8598600
8598791
8598590
8598690
8598713
8598681
8598688
8598624
8598615
8598592
8598609
8598763
8598720
8598839
8598611
8598669
8598785
8598601
8598614
8598770
8598696
8598716
8598779
8598800
8598799
8598731
8598756
8598762
8598748
8598755
8598765
8598705
8598712
8598715
8598721
8598746
8598757
8598742
8598761
8598752
8598724
