661422
661425
661429
661420
661424
661421
661427
661428
661426
661423
662746
662743
662744
662742
662736
662738
662737
662745
662747
662739
662750
662757
662749
662755
662754
662756
662753
662752
662748
662751
662760
662759
662764
662762
662765
662763
662761
662766
662758
662767
662776
662777
662779
662772
662769
662771
662773
662768
662778
662770
662789
662781
662790
662788
662787
662782
662785
662783
662786
662784
662856
662860
662864
662865
662858
662863
662862
662857
662861
662859
662868
662869
662872
662870
662874
662873
662871
662867
662866
662875
662880
662882
662881
662884
662883
662877
662879
662876
662878
662885
662930
662927
662928
662926
662951
662931
662929
662933
662952
662932
662953
662955
662957
662961
662960
662956
662962
662959
662954
662958
662963
662968
662970
662966
662971
662965
662972
662967
662964
662969
662973
662974
662980
662977
662975
662978
662976
662981
662979
662982
662989
662993
662987
662985
662986
662988
662991
662992
662996
662990
662997
663004
663002
663001
662999
662998
663000
663005
663003
663006
663015
663009
663007
663010
663014
663008
663016
663011
663012
663013
663017
663019
663022
663023
663018
663024
663026
663021
663025
663020
663028
663033
663031
663032
663027
663029
663030
663035
663034
663038
663068
663066
663069
663060
663064
663062
663063
663061
663067
663065
663078
663082
663081
663075
663073
663076
663080
663072
663084
663079
663097
663095
663092
663113
663093
663102
663100
663112
663101
663096
663131
663128
663134
663129
663137
663139
663133
663138
663135
663136
663140
663142
663147
663144
663141
663149
663145
663148
663146
663143
663152
663158
663157
663153
663159
663156
663154
663150
663151
663155
663164
663161
663167
663168
663169
663165
663166
663160
663162
663163
663178
663170
663172
663174
663177
663173
663175
663176
663171
663179
663188
663186
663182
663184
663187
663185
663189
663180
663181
663183
663190
663198
663192
663191
663197
663199
663194
663195
663193
663196
663207
663201
663205
663200
663208
663209
663204
663206
663202
663203
663210
663217
663211
663218
663214
663212
663219
663213
663215
663216
663222
663226
663221
663229
663220
663227
663224
663228
663225
663223
663280
663279
663277
663285
663276
663284
663278
663281
663282
663283
663315
663316
663314
663313
663317
663311
663312
663309
663310
663318
663326
663322
663325
663323
663327
663328
663324
663319
663321
663320
663337
663329
663336
663334
663335
663331
663338
663333
663330
663332
663365
663339
663360
663359
663366
663358
663363
663340
663367
663361
663502
663457
663461
663459
663500
663458
663501
663462
663460
663503
663509
663526
663512
663504
663507
663505
663527
663508
663510
663511
