1015942
1015941
1015940
1015946
1015943
1015945
1015944
1015949
1015947
1015948
1015952
1015951
1015956
1015954
1015955
1015950
1015953
1015957
1015958
1015959
1015960
1015961
1015962
1015963
1015965
1015964
1015966
1015969
1015967
1015968
1015972
1015976
1015971
1015977
1015970
1015975
1015974
1015973
1015978
1015979
1015980
1015981
1015982
1015987
1015986
1015983
1015984
1015988
1015989
1015990
1015998
1015991
1015992
1015997
1015994
1015995
1015996
1016000
1015993
1015999
1016004
1016005
1016009
1016003
1016001
1016002
1016007
1016010
1016008
1016006
1016017
1016015
1016021
1016012
1016011
1016013
1016020
1016018
1016016
1016019
1016030
1016024
1016023
1016022
1016026
1016027
1016028
1016029
1016031
1016025
1016032
1016034
1016041
1016036
1016038
1016037
1016035
1016040
1016033
1016042
1038797
1038798
1038799
1038800
1038802
1038801
1038803
1038805
1038804
1038806
1038807
1038808
1038813
1038810
1038809
1038811
1038812
1038815
1038814
1038816
1085141
1038817
1038824
1038818
1038819
1038822
1038821
1038823
1038826
1038825
1038820
1038828
1038829
1038827
1038832
1038830
1038831
1038833
1038836
1038835
1038834
1038837
1038838
1038840
1038839
1038841
1038842
1038843
1038844
1038846
1038845
1038849
1038847
1038851
1038850
1038852
1038853
1038856
1038855
1038854
1038848
1038857
1038859
1038858
1038862
1038860
1038861
1038863
1038864
1038865
1038866
1038869
1038868
1038867
1038872
1038871
1038873
1038875
1038874
1038876
1038870
1038877
1038879
1038878
1038880
1038883
1038884
1038882
1038881
1038886
1038885
1038896
1038893
1038888
1038889
1038890
1038891
1038887
1038895
1038892
1038894
1038898
1038899
1038905
1038900
1038897
1038903
1038902
1038907
1038906
1038904
1038910
1038911
1038913
1038915
1038916
1038909
1038908
1038917
1038914
1038912
1038918
1038922
1038919
1038925
1038921
1038926
1038924
1038927
1038923
1038920
1038934
1038928
1111310
1038935
1038933
1038929
1038938
1038931
1038936
1038932
1038942
1038946
1038947
1038949
1038943
1038941
1038939
1038944
1038940
1038948
1038952
1038951
1038953
1038955
1038956
1038954
1038950
1038958
1038959
1038957
1038968
1038969
1038960
1038962
1038966
1038964
1038961
1038970
1038963
1038965
1038973
1038978
1038974
1038971
1038977
1038976
1038975
1038980
1038979
1038972
1038981
1038987
1038984
1038985
1038986
1038990
1038991
1038988
1038989
1038982
1039001
1038994
1038992
1038997
1038996
1038993
1038999
1038995
1039000
1038998
1039008
1039004
1039011
1039010
1039005
1039009
1039006
1039003
1039012
1039002
1039016
1039022
1039021
1039017
1039019
1039015
1039013
1039018
1039014
1039020
1039033
1039028
1039023
1039026
1039029
1039027
1039024
1039032
1039031
1039025
1039038
1039040
1039035
1039041
1039042
1039034
1039039
1039037
1039043
1039036
1039045
1039047
1039052
1039044
1039053
1039046
1039051
1039049
1039050
1039048
1039058
1039057
1039054
1039063
1039056
1039055
1039061
1039062
1039060
1039059
1039067
1039073
1039064
1039072
1039069
1039070
1039068
1039065
1039066
1039071
1039083
1039081
1039084
1039077
1039080
1039079
1039076
1039078
1039075
1039074
