1342823
1342822
1342824
1342826
1342828
1342825
1342827
1342831
1342829
1342830
1343000
1342996
1342997
1342999
1342998
1343001
1342995
1343004
1343003
1343002
1343007
1343005
1343006
1343009
1343011
1343008
1343010
1343012
1343013
1343014
1343015
1343017
1343016
1343018
1343020
1343019
1343021
1343023
1343024
1343022
1343027
1343025
1343026
1343030
1343028
1343029
1343031
1343033
1343034
1343032
1343035
1343036
1343037
1343038
1343041
1343040
1343039
1343044
1343042
1343043
1343045
1343085
1343084
1343089
1343088
1343087
1343086
1343092
1343091
1343090
1343094
1343093
1343095
1343096
1343099
1343098
1343097
1343101
1343102
1343100
1343103
1343104
1343107
1343108
1343106
1343109
1343111
1343105
1343112
1343110
1343113
1343114
1343115
1343116
1343117
1343119
1343118
1343120
1343121
1343122
1343123
1343125
1343124
1343127
1343129
1343128
1343126
1343131
1402105
1343130
1343133
1343132
1343134
1343137
1343136
1343138
1343135
1343139
1343141
1343140
1343143
1343144
1343148
1343145
1343147
1343149
1343146
1343142
1343151
1343150
1474603
1343152
1343160
1343154
1343153
1343157
1343158
1343156
1343155
1343159
1343161
1343164
1343169
1343163
1343167
1343166
1343168
1343165
1343170
1343162
1343171
1343173
1343174
1343172
1343175
1343177
1343178
1343176
1343180
1343179
1343181
1343184
1343182
1343188
1343183
1343187
1343185
1343186
1343191
1343190
1343189
1343192
1343193
1343194
1343195
1343198
1343197
1343199
1343200
1343201
1343196
1343202
1343203
1343204
1343205
1343209
1343207
1343206
1343210
1343208
1343211
1343217
1343215
1343219
1343218
1343221
1343220
1343212
1343216
1343213
1343214
1343229
1343222
1343224
1343227
1343231
1343225
1343223
1343230
1343226
1343228
1343241
1343237
1343239
1343238
1343233
1343240
1343235
1343236
1343232
1343234
1343250
1343245
1343242
1343247
1343246
1343248
1343243
1343252
1343251
1343244
1343298
1343300
1343257
1343253
1343255
1343302
1343299
1343254
1343301
1343256
1343310
1343305
1343307
1343304
1343303
1343306
1343311
1343309
1343308
1343312
1343315
1343320
1343322
1343318
1343317
1343314
1343316
1343321
1343313
1343319
1343325
1343323
1343331
1343327
1343324
1343326
1343328
1343329
1343330
1343332
1343336
1343339
1343337
1343342
1343338
1343341
1343333
1343335
1343340
1343334
1343347
1343344
1343345
1343352
1343346
1343343
1343348
1343350
1343351
1343349
1343362
1343355
1343360
1343358
1343359
1343357
1343361
1343356
1343354
1343353
1343366
1343367
1343372
1343371
1343363
1343370
1343368
1343369
1343364
1343365
1343375
1343380
1343376
1343373
1343381
1343379
1343378
1343382
1343377
1343374
1343386
1343431
1343387
1343430
1343384
1343432
1343383
1343429
1343433
1343385
1343441
1343439
1343440
1343443
1343442
1343438
1343434
1343436
1343437
1343435
1343452
1343449
1343444
1343445
1343451
1343447
1343448
1343450
1343453
1343446
1343456
1343460
1343458
1343457
1343462
1343455
1343454
1343463
1343459
1343461
1343471
1343469
1343473
1343467
1343472
1343464
1343466
1343468
1343470
1343465
1343478
1343483
1343479
1343482
1343477
1343481
1343480
1343475
1343474
1343476
