1686825
1686809
1686807
1686806
1686814
1686815
1686812
1686805
1686810
1686808
1686843
1686838
1686840
1686836
1686841
1686839
1686835
1686844
1686842
1686837
1686925
1686919
1686845
1686922
1686923
1686872
1686920
1686924
1686870
1686921
1689995
1689996
1690000
1689999
1689993
1689992
1690001
1689997
1689994
1689998
1690005
1690010
1690011
1690008
1690004
1690006
1690002
1690003
1690007
1690009
1761576
1690019
1690014
1690017
1690018
1690015
1690021
1690012
1690020
1690016
1690013
1690030
1690026
1690024
1690031
1690028
1690023
1690029
1690022
1690027
1690025
1690039
1690038
1690037
1690033
1690032
1690035
1690036
1690040
1690041
1690034
1690043
1690044
1690049
1690050
1690051
1690045
1690046
1690047
1690048
1690042
1690058
1690057
1690054
1690053
1690055
1690060
1690052
1690059
1690061
1690056
1806285
1806272
1806271
1690068
1690070
1690069
1690063
1690064
1690067
1690071
1690062
1690065
1690066
1690072
1690080
1690077
1690075
1690076
1690079
1690078
1690073
1690074
1690081
1690087
1690084
1690082
1690088
1690085
1690086
1690083
1690090
1690089
1690091
1690101
1690092
1690098
1690096
1690099
1690097
1690094
1690100
1690095
1690093
1690104
1690102
1690107
1690110
1690109
1690106
1690103
1690108
1690111
1690105
1690120
1690117
1690113
1690115
1690112
1690119
1690118
1690114
1690121
1690116
1690129
1690128
1690131
1690125
1690127
1690126
1690123
1690130
1690124
1690122
1690134
1690132
1690136
1690139
1690137
1690135
1690141
1690138
1690140
1690133
1690150
1690149
1690145
1690151
1690144
1690146
1690142
1690143
1690147
1690148
1690152
1690154
1690161
1690160
1690157
1690158
1690155
1690156
1690153
1690159
1690167
1690168
1690165
1690170
1690169
1690164
1690166
1690162
1690163
1690171
1953707
1690178
1690175
1690176
1690173
1690179
1690180
1690177
1690181
1690174
1690172
1690188
1690183
1690189
1690190
1690191
1690185
1690182
1690187
1690184
1690186
1690193
1690200
1690199
1690194
1690195
1690192
1690198
1690201
1690196
1690197
1690210
1690211
1690208
1690205
1690207
1690209
1690203
1690206
1690202
1690204
1690212
1690215
1690214
1690219
1690216
1690213
1690218
1690217
1690220
1690221
1690231
1690225
1690222
1690229
1690227
1690228
1690223
1690224
1690230
1690226
1690237
1690241
1690235
1690240
1690234
1690236
1690233
1690239
1690242
1690232
1690251
1690249
1690247
1690244
1690252
1690243
1690245
1690250
1690248
1690246
1690262
1690259
1690256
1690258
1690257
1690253
1690254
1690261
1690260
1690255
1690271
1690269
1690266
1690263
1690270
1690272
1690267
1690264
1690268
1690265
1690276
1690282
1690274
1690273
1690279
1690277
1690275
1690281
1690278
1690280
1690288
1690292
1690286
1690291
1690289
1690285
1690284
1690290
1690287
1690283
1690297
1690296
1690294
1690299
1690293
1690301
1690302
1690300
1690298
1690295
1690311
1690310
1690306
1690307
1690309
1690312
1690303
1690308
1690305
1690304
1690317
1690314
1690315
1690321
1690316
1690313
1690318
1690322
1690320
1690319
1690331
1690328
1690332
1690330
1690329
1690325
1690326
1690327
1690323
1690324
1690338
1690337
1690340
1690339
1690341
1690333
1690336
1690335
1690334
1690342
