2495772
2495784
2495782
2495768
2495774
2495776
2495780
2495786
2495778
2495770
2505454
2505436
2505448
2505452
2505446
2505450
2505440
2505442
2505438
2505444
2505474
2505472
2505466
2505470
2505458
2505464
2505468
2505460
2505456
2505462
2657286
2505478
2505486
2505492
2505476
2505482
2505484
2505488
2505490
2505480
2505508
2505506
2505498
2505516
2505496
2505500
2505504
2505512
2505514
2505510
2505530
2505520
2505528
2505524
2505532
2505526
2505536
2505518
2505522
2505534
2505548
2505554
2505540
2505556
2505552
2505550
2505538
2505546
2505542
2505544
2505558
2505566
2505576
2505572
2505560
2505562
2505564
2505568
2505570
2505574
2505586
2505594
2505592
2505598
2505578
2505590
2505588
2505584
2505596
2505580
2505608
2505604
2505616
2505612
2505610
2505600
2505606
2505618
2505614
2505602
2505636
2505622
2505626
2505630
2505634
2505628
2505624
2505638
2505620
2505632
2505654
2505652
2505656
2505642
2505658
2505646
2505648
2505650
2505640
2505644
2505674
2505668
2505660
2505678
2505662
2505666
2505676
2505670
2505672
2505664
2505698
2505680
2505684
2505692
2505694
2505688
2505686
2505682
2505690
2505696
2928587
2505708
2505716
2505718
2505706
2505700
2505714
2505704
2505710
2505702
2505712
2505738
2505724
2505736
2505720
2505730
2505734
2505728
2505726
2505722
2505732
2505750
2505748
2505758
2505752
2505740
2505756
2505744
2505746
2505754
2505742
2505762
2505776
2505766
2505770
2505774
2505768
2505764
2505778
2505760
2505772
2505784
2505782
2505792
2505780
2505786
2505794
2505788
2505798
2505790
2505796
2505814
2505804
2505810
2505816
2505812
2505818
2505802
2505808
2505800
2505806
2505834
2505824
2505822
2505838
2505826
2505828
2505836
2505820
2505830
2505832
2505858
2505840
2505856
2505852
2505848
2505850
2505854
2505846
2505842
2505844
2505874
2505872
2505866
2505860
2505868
2505864
2505878
2505870
2505876
2505862
2505886
2505894
2505892
2505898
2505896
2505890
2505884
2505882
2505880
2505888
2505902
2505906
2505918
2505914
2505910
2505916
2505904
2505900
2505908
2505912
2505934
2505922
2505924
2505938
2505920
2505932
2505926
2505930
2505928
2505936
2505950
2505956
2505952
2505942
2505944
2505958
2505946
2505954
2505940
2505948
2505974
2505960
2505972
2505966
2505978
2505976
2505964
2505970
2505962
2505968
2505998
2505980
2505990
2505994
2505992
2505986
2505988
2505982
2505984
2505996
2506018
2506000
2506012
2506010
2506014
2506016
2506004
2506006
2506002
2506008
2506038
2506034
2506022
2506028
2506030
2506032
2506024
2506020
2506026
2506036
2506046
2506048
2506044
3183303
2506040
2506054
2506056
2506050
2506042
2506052
2506060
2506070
2506062
2506064
2506066
2506076
2506058
2506072
2506074
2506068
2506088
2506086
2506078
2506096
2506082
2506084
2506080
2506092
2506094
2506090
2506118
2506098
2506106
2506108
2506104
2506100
2506110
2506114
2506116
2506112
2506134
2506124
2506130
2506138
2506120
2506122
2506126
2506128
2506132
2506136
2506146
2506142
2506158
2506140
2506150
2506154
2506148
2506144
2506152
2506156
2506160
2506164
2506178
2506170
2506174
2506162
2506168
2506176
2506172
2506166
