3681963
3681945
3681959
3681973
3681967
3681969
3681981
3681979
3681977
3681953
3682313
3681999
3682005
3682007
3682003
3682305
3682301
3682009
3682309
3682317
3855167
3855163
3855175
3855171
3855173
3855169
3855165
3855177
3855179
3855181
3855183
3855185
3855199
3855201
3855191
3855187
3855189
3855195
3855193
3855197
3855203
3855205
3855211
3855209
3855213
3855221
3855217
3855215
3855207
3855219
3855241
3855223
3855239
3855227
3855231
3855235
3855233
3855229
3855225
3855237
3855243
3855245
3855247
3855249
3855255
3855251
3855253
3855259
3855261
3855257
3855267
3855265
3855263
3855273
3855269
3855271
3855275
3855281
3855277
3855279
4269113
3855285
3855283
3855287
3855289
3855295
3855291
3855293
3855299
3855301
3855297
3855303
3855305
3855309
3855307
3855317
3855311
3855313
3855315
3855319
3855321
4269109
4269111
3855327
3855341
3855337
3855339
3855335
3855325
3855331
3855333
4090125
3855329
3855323
4269115
3855347
3855355
3855349
3855359
3855345
3855357
3855353
3855361
3855351
3855343
3855363
3855375
3855367
3855379
3855377
3855365
3855369
3855371
3855373
3855381
3855397
3855395
3855401
3855399
3855389
3855385
3855393
3855391
3855387
3855383
3855417
3855415
3855403
3855407
3855405
3855413
3855421
3855419
3855409
3855411
3855425
3855433
3855441
3855435
3855437
3855429
3855427
3855423
3855439
3855431
3855453
3855451
3855455
3855461
3855445
3855443
3855447
3855459
3855449
3855457
3855473
3855479
3855465
3855481
3855477
3855469
3855471
3855463
3855475
3855467
3855489
3855485
3855493
3855501
3855491
3855487
3855499
3855497
3855495
3855483
3855519
3855509
3855513
3855503
3855515
3855521
3855511
3855517
3855505
3855507
3855537
3855525
3855527
3855539
3855535
3855533
3855523
3855529
3855531
3855541
3855551
3855543
3855559
3855555
3855557
3855553
3855547
3855545
3855549
3855561
3855565
3855569
3855563
3855567
3855573
3855571
3855575
3855579
3855577
3855581
3855593
3855595
3855583
3855589
3855585
3855601
3855587
3855599
3855597
3855591
3855615
3855613
3855617
3855611
3855609
3855605
3855607
3855619
3855621
3855603
3855623
3855627
3855639
3855637
3855625
3855631
3855635
3855629
3855633
3855641
3855659
3855651
3855649
3855653
3855647
3855657
3855655
3855643
3855661
3855645
3855669
3855665
3855681
3855677
3855675
3855671
3855667
3855679
3855663
3855673
3855697
3855701
3855695
3855693
3855687
3855699
3855685
3855691
3855683
3855689
3855705
3855715
3855707
3855717
3855709
3855713
3855711
3855703
3855719
3855721
3855723
3855737
3855729
3855727
3855731
3855733
3855741
3855739
3855725
3855735
3855747
3855743
3855757
3855749
3855753
3855751
3855761
3855759
3855755
3855745
3855769
3855781
3855765
3855779
3855777
3855771
3855773
3855767
3855775
3855763
3855793
3855791
3855783
3855795
3855799
3855789
3855787
3855801
3855797
3855785
3855803
3855819
3855807
3855817
3855809
3855805
3855813
3855811
3855815
3855821
3855835
3855823
3855837
3855839
3855825
3855833
3855841
3855829
3855831
3855827
3855845
3855847
3855859
3855855
3855857
3855849
3855853
3855843
3855851
3855861
3855865
3855875
3855879
3855877
3855869
3855863
3855873
3855871
3855881
3855867
