5053112
5053126
5053130
5053120
5053122
5053124
5053116
5053128
5053106
5053118
5056412
5056410
5056404
5056408
5056414
5056416
5056420
5056422
5056418
5056406
5056032
5056030
5056028
5056026
5056036
5056040
5056024
5056038
5056034
5056042
5056438
5056430
5056424
5056434
5056442
5056426
5056428
5056436
5056432
5056440
5056062
5056054
5056052
5056048
5056044
5056058
5056046
5056060
5056056
5056050
5463050
5056452
5056444
5056484
5056454
5056448
5056446
5056482
5056486
5056450
5056456
5056076
5056068
5056072
5056080
5056070
5056066
5056074
5056064
5056082
5056078
5056504
5056494
5056490
5056506
5056502
5056496
5056498
5056492
5056488
5056500
5056092
5056088
5056096
5056102
5056094
5056098
5056100
5056086
5056090
5056084
5056516
5056522
5056510
5056520
5056524
5056508
5056512
5056514
5056518
5056526
5056114
5056120
5056108
5056104
5056116
5056118
5056110
5056112
5056106
5056122
5056544
5056538
5056534
5056540
5056536
5056532
5056546
5056530
5056528
5056542
5056124
5056128
5056136
5056142
5056132
5056140
5056130
5056134
5056126
5056138
5056560
5056564
5056550
5056556
5056548
5056562
5056554
5056558
5056566
5056552
5056162
5056148
5056152
5056154
5056156
5056158
5056150
5056144
5056160
5056146
5056584
5056574
5056570
5056580
5056576
5056586
5056568
5056582
5056572
5056578
5056174
5056164
5056170
5056180
5056176
5056166
5056178
5056168
5056172
5056182
5056598
5056594
5056588
5056592
5056596
5056604
5056590
5056600
5056606
5056602
5056184
5056190
5056202
5056194
5056200
5056186
5056188
5056192
5056196
5056198
5056220
5056218
5056210
5056212
5056206
5056204
5056216
5056222
5056208
5056214
5056626
5056610
5056614
5056620
5056608
5056622
5056612
5056616
5056618
5056624
5056234
5056236
5056240
5056226
5056224
5056232
5056230
5056228
5056242
5056238
5056636
5056644
5056632
5056638
5056640
5056628
5056630
5056646
5056642
5056634
5056252
5056258
5056256
5056262
5056260
5056246
5056248
5056244
5056250
5056254
5056666
5056650
5056652
5056656
5056658
5056660
5056648
5056664
5056662
5056654
5056270
5056272
5056276
5056264
5056266
5056278
5056268
5056280
5056274
5056282
5056668
5056676
5056672
5056680
5056678
5056684
5056682
5056670
5056674
5056686
5056288
5056302
5056290
5056294
5056296
5056284
5056298
5056292
5056300
5056286
5056690
5056706
5056692
5056698
5056696
5056704
5056702
5056694
5056688
5056700
5056316
5056308
5056320
5056314
5056304
5056312
5056318
5056322
5056310
5056306
5056724
5056710
5056714
5056718
5056726
5056716
5056720
5056708
5056722
5056712
5056342
5056338
5056328
5056340
5056334
5056330
5056326
5056332
5056324
5056336
5056736
5056734
5056728
5056740
5056744
5056742
5056730
5056732
5056738
5056746
5056360
5056346
5056352
5056356
5056344
5056358
5056350
5056354
5056362
5056348
5056752
5056756
5056748
5056764
5056760
5056766
5056758
5056754
5056750
5056762
5056378
5056376
5056374
5056380
5056364
5056370
5056366
5056382
5056368
5056372
5056784
5056782
5056768
5056786
5056770
5056774
5056772
5056776
5056778
5056780
5056388
5056400
5056384
5056392
5056394
5056396
5056402
5056398
5056390
5056386
