6696481
6696480
6696476
6696477
6696478
6696479
6696485
6696484
6696483
6696482
6698251
6698252
6698243
6698255
6698247
6698248
6698244
6698246
6698253
6698245
6698249
6698254
6698259
6698257
6698261
6698258
6698262
6698250
6698256
6698260
6698278
6698274
6698272
6698270
6698269
6698266
6698271
6698263
6698267
6698268
6698281
6698265
6698264
6698280
6698275
6698279
6698273
6698276
6698277
6698282
6698284
6698289
6698285
6698295
6698292
6698283
6698286
6698287
6698290
6698291
6698299
6698300
6698293
6698302
6698301
6698296
6698294
6698298
6698288
6698297
6698307
6698304
6698306
6698311
6698309
6698305
6698316
6698314
6698303
6698310
6698320
6698322
6698313
6698321
6698312
6698319
6698318
6698315
6698308
6698317
6698331
6698324
6698323
6698327
6698340
6698328
6698335
6698325
6698326
6698330
6698337
6698342
6698341
6698338
6698333
6698339
6698332
6698334
6698329
6698336
6698360
6698359
6698352
6698347
6698349
6698343
6698348
6698345
6698344
6698350
6698346
6698357
6698351
6698354
6698355
6698361
6698356
6698362
6698358
6698353
6698366
6698363
6698367
6698378
6698364
6698371
6698368
6698376
6698365
6698380
6698373
6698369
6698382
6698381
6698379
6698377
6698374
6698370
6698375
6698372
6698399
6698397
6698385
6698392
6698401
6698400
6698383
6698398
6698395
6698390
6698387
6698393
6698391
6698388
6698394
6698384
6698386
6698389
6698396
6698402
6698419
6698410
6698416
6698408
6698403
6698405
6698404
6698412
6698406
6698422
6698418
6698414
6698415
6698417
6698411
6698420
6698413
6698409
6698421
6698407
6698438
6698434
6698429
6698423
6698440
6698428
6698435
6698427
6698425
6698430
6698442
6698439
6698433
6698432
6698426
6698436
6698437
6698431
6698441
6698424
6698443
6698461
6698458
6698445
6698451
6698444
6698459
6698457
6698450
6698446
6698452
6698456
6698454
6698462
6698460
6698449
6698453
6698448
6698455
6698447
6698467
6698466
6698475
6698468
6698465
6698476
6698472
6698481
6698471
6698463
6698478
6698480
6698474
6698477
6698464
6698482
6698469
6698479
6698473
6698470
6698493
6698499
6698501
6698497
6698487
6698485
6698484
6698494
6698483
6698491
6698488
6698498
6698495
6698490
6698489
6698500
6698486
6698496
6698502
6698492
6698510
6698504
6698517
6698513
6698508
6698512
6698521
6698503
6698505
6698519
6698514
6698507
6698511
6698506
6698515
6698520
6698509
6698516
6698518
6698522
6698525
6698539
6698527
6698541
6698531
6698537
6698529
6698524
6698534
6698523
6698526
6698542
6698540
6698536
6698532
6698535
6698533
6698528
6698538
6698530
6698551
6698556
6698546
6698545
6698553
6698543
6698550
6698544
6698557
6698552
6698547
6698549
6698559
6698560
6698561
6698562
6698548
6698554
6698558
6698555
6698565
6698577
6698582
6698570
6698576
6698568
6698564
6698563
6698571
6698573
6698579
6698578
6698575
6698574
6698581
6698580
6698567
6698569
6698572
6698566
6698586
6698596
6698583
6698589
6698587
6698598
6698588
6698595
6698599
6698592
6698594
6698602
6698593
6698600
6698584
6698601
6698597
6698590
6698585
6698591
6698606
6698603
6698610
6698608
6698605
6698611
6698607
6698609
6698612
6698604
