7043458
7043459
7043456
7043464
7043460
7043461
7043442
7043457
7043463
7043462
7044226
7043959
7043949
7044191
7044213
7044221
7043958
7043948
7043957
7043966
7043965
7043973
7044217
7043964
7044194
7044215
7044224
7043963
7043953
7043956
7043961
7044189
7044220
7044447
7043977
7043972
7043969
7043970
7043962
7044432
7043968
7043976
7044188
7043982
7043967
7043978
7044219
7044209
7043975
7044212
7044195
7044225
7043981
7044206
7044216
7043979
7043980
7043971
7043983
7043974
7044003
7044034
7044229
7044055
7044049
7044258
7044045
7043997
7044254
7044237
7044005
7044056
7044018
7044069
7044238
7044253
7044260
7044064
7044013
7044232
7044256
7044259
7044059
7044023
7044030
7044036
7044017
7044230
7044236
7044044
7044480
7044443
7044328
7044296
7044337
7044285
7044265
7044444
7044124
7044457
7044439
7044082
7044311
7044284
7044348
7044451
7044446
7044352
7044228
7044294
7044456
7044268
7044436
7044040
7044307
7044298
7044109
7044334
7044318
7044442
7044312
7044052
7044434
7044248
7044309
7044123
7044452
7044360
7044460
7044474
7044065
7044262
7044462
7044246
7044039
7044459
7044083
7044319
7044245
7044302
7044282
7044358
7044072
7044053
7044111
7044263
7044325
7044304
7044295
7044243
7044125
7044340
7044368
7044117
7044063
7044326
7044448
7044250
7044455
7044289
7044108
7044482
7044301
7044255
7044084
7044449
7044071
7044461
7044363
7044293
7044321
7044286
7044273
7044355
7044277
7044116
7044112
7044440
7044075
7044435
7044567
7044349
7044290
7044329
7044106
7044338
7044100
7044261
7044126
7044317
7044332
7044339
7044323
7044128
7145888
7044297
7044479
7044085
7044458
7044118
7044300
7044343
7044441
7044450
7044091
7044322
7044314
7044292
7044104
7044114
7044310
7044464
7044330
7044081
7044324
7044122
7044127
7044454
7044306
7044299
7044506
7044550
7044369
7044371
7044484
7044562
7044540
7044149
7044477
7044542
7044399
7044410
7044162
7044361
7044333
7044572
7044427
7044530
7044433
7044547
7044511
7044500
7044512
7044525
7044362
7044543
7044402
7044395
7044545
7044132
7044152
7044516
7044486
7044476
7044415
7044526
7044412
7044554
7044424
7044478
7044551
7044495
7044508
7044489
7044372
7044173
7044535
7044419
7044555
7044383
7044488
7044407
7044430
7044130
7044531
7044469
7044493
7044417
7044428
7044359
7044413
7044405
7044150
7044528
7044396
7044507
7044470
7044553
7044559
7044423
7044364
7044386
7044564
7044523
7044475
7044505
7044519
7044539
7044347
7044165
7044494
7044421
7044385
7044497
7044492
7044131
7044571
7044406
7044496
7044533
7044502
7044151
7044570
7044573
7044568
7044514
7044379
7044392
7044408
7044483
7044472
7044521
7044485
7044414
7044169
7044517
7044558
7044388
7044556
7044548
7044549
7044134
7044426
7044378
7044431
7044538
7044422
7044374
7044377
7044536
7044416
7044509
7044381
7044520
7044498
7044529
7044544
7044153
7044387
7044546
7044490
7044382
7044566
7044524
7044409
7044481
7044471
7044569
7044398
7044178
7044190
7044143
7044145
7044146
7044144
7044200
7044140
7044185
7044198
7044186
7044187
7044218
7288325
7044202
7044199
7044204
7044203
7044193
7044197
7044201
7044196
