7383243
7383239
7383241
7383242
7383245
7383240
7383227
7383238
7383237
7383236
7383862
7383860
7383859
7383874
7383881
7383869
7383873
7383863
7383865
7383864
7383870
7383866
7383872
7383871
7383899
7383883
7383875
7383879
7383867
7383882
7383868
7383878
7383880
7383906
7383876
7383890
7383877
7383886
7383889
7383907
7383892
7383909
7383908
7383904
7383885
7383905
7383898
7383895
7383900
7383897
7383896
7383894
7383893
7383887
7383901
7383891
7383902
7383888
7383903
7383911
7383950
7383936
7383931
7383996
7383920
7383918
7383913
7383930
7383914
7383948
7383956
7383932
7383965
7383919
7383933
7383925
7383926
7383923
7383998
7383943
7383975
7383968
7383949
7383916
7383910
7383940
7384011
7383924
7383921
7383944
7383976
7383942
7383917
7383946
7383912
7383937
7383966
7383922
7384022
7383962
7383993
7384006
7383953
7383938
7383915
7383958
7383935
7383959
7383929
7383972
7384029
7383963
7383934
7383981
7383952
7383951
7383979
7384000
7383995
7383939
7383947
7384046
7384002
7383955
7383945
7384009
7383960
7383974
7383980
7383988
7383977
7384005
7384040
7383989
7383967
7383978
7383986
7383941
7383954
7384019
7383961
7384014
7384004
7384030
7383964
7383990
7383973
7384012
7384003
7383970
7383957
7384007
7384018
7384017
7384021
7383985
7383971
7384033
7383984
7384001
7384027
7384036
7384025
7383982
7383983
7383969
7384038
7383991
7384023
7384026
7501568
7384028
7384015
7383994
7383987
7384044
7384043
7384035
7383997
7384020
7384010
7384013
7384037
7384016
7383992
7383999
7384008
7384024
7384048
7384045
7384049
7384070
7384050
7384031
7384039
7384041
7384032
7384047
7384067
7384062
7384034
7384042
7384051
7384053
7384056
7384054
7384064
7384072
7384071
7384066
7384069
7384097
7384052
7384057
7384055
7384068
7384076
7384060
7384065
7384073
7384059
7384090
7384079
7384058
7384077
7384084
7384099
7384063
7384074
7384085
7384078
7384101
7384107
7384093
7384080
7384061
7384086
7384088
7384089
7384095
7384075
7384091
7384105
7384087
7384111
7384096
7384108
7384109
7384098
7384112
7384094
7384113
7384116
7384104
7384122
7384100
7384124
7384119
7384092
7384110
7384103
7384102
7384123
7384117
7384120
7384118
7384121
7384106
7384114
7384125
7384115
7384129
7384126
7384128
7384135
7384132
7384127
7384130
7384133
7384134
7384131
7384139
7384142
7384144
7384145
7384143
7384137
7384141
7384140
7384136
7384138
7384146
7384154
7384157
7384152
7384149
7384150
7384147
7384153
7384155
7384151
7384160
7384156
7384167
7384161
7384163
7384170
7384169
7384158
7384164
7384159
7384174
7384172
7384177
7384168
7384173
7384175
7384166
7384171
7384165
7384162
7384180
7384184
7384185
7384196
7384187
7384195
7384176
7384183
7384178
7384182
7384193
7384186
7384191
7384181
7384190
7384179
7384192
7384194
7384189
7384188
7384206
7384204
7384198
7384199
7384197
7384208
7384205
7384203
7384210
7384212
7384215
7384217
7384201
7384200
7384202
7384216
7384209
7384213
7384214
7384211
7384226
7384223
7384220
7384228
7384222
7384219
7384225
7384227
7384218
7384224
7384235
7384236
7384231
7384233
7384221
7384234
7384237
7384230
7384229
7384232
