7719194
7719198
7719197
7763262
7719195
7719196
7763263
7719200
7719199
7719201
7724304
7724303
7724306
7724305
7724302
7724300
7724299
7724311
7724307
7724301
7724312
7724314
7724315
7724313
7724309
7724321
7724316
7724318
7724310
7724308
7988844
7724322
7724317
7724328
7724326
7724324
7724325
7724323
7724327
7724320
7724319
7724337
7724334
7724336
7724335
7724331
7724341
7724329
7724330
7724333
7724332
7724344
7724343
7724351
7724345
7724339
7724346
7724342
7724340
7724338
7724347
7724350
7724361
7724354
7724356
7724355
7724353
7724357
7724349
7724348
7724352
7724366
7724359
7724360
7724358
7724362
7724364
7724370
7724363
7724371
7724365
7724390
7724395
7724369
7724394
7724368
7724389
7724388
7724367
7724387
7724392
7724397
7724398
7724399
7724407
7724393
7724400
7724405
7724396
7724402
7724391
7724411
7724401
7724408
7724404
7724410
7724409
7724403
7724417
7724406
7724416
7724413
7724415
7724414
7724422
7724412
7724419
7724425
7724418
7724420
7724423
7724424
7724428
7724436
7724429
7724430
7724421
7724431
7724427
7724426
7724433
7724440
7724432
7724438
7724446
7724444
7724434
7724437
7724435
7724439
7724445
7724442
7724462
7724468
7724441
7724447
7724464
7724466
7724443
7724463
7724448
7724470
7724479
7724469
7724473
7724472
7724471
7724474
7724465
7724467
7724475
7724481
7724483
7724490
7724476
7724485
7724482
7724480
7724478
7724477
7724484
7724489
7724493
7724491
7724497
7724488
7724492
7724486
7724496
7724500
7724487
7724494
7724508
7724507
7724506
7724502
7724503
7724498
7724495
7724501
7724499
7724512
7724509
7724504
7724515
7724519
7724510
7724505
7724518
7724511
7724513
7947205
7724517
7724522
7724527
7724524
7724521
7724520
7724514
7724525
7724523
7724516
7724532
7724540
7724535
7724530
7724526
7724534
7724529
7724536
7724539
7724531
7724541
7724528
7724533
7724546
7724542
7724537
7724551
7724544
7724543
7724549
7724548
7724545
7724538
7724554
7724547
7724563
7724553
7724557
7724552
7724550
7724556
7724569
7724567
7724555
7724570
7724561
7724564
7724562
7724559
7724568
7724558
7724583
7724574
7724576
7724560
7724566
7724572
7724575
7724580
7724573
7724582
7724586
7724588
7724581
7724579
7724565
7724596
7724584
7724571
7724585
7724589
7724592
7724590
7724591
7724595
7724597
7724577
7724601
7724594
7724578
8022096
7724587
7724605
7724598
7724608
7724617
7724602
7724599
7724609
7724603
7724593
7724625
7724604
7724600
7724613
7724607
7724614
7724610
7724612
7724615
7724624
7724623
7724619
7724633
7724620
7724634
7724616
7724606
7724626
7724621
7724611
7724628
7724630
7724627
7724638
7724618
7724636
7724622
7724635
7724641
7724631
7724648
7724645
7724647
7724632
7724639
7724629
7724642
7724656
7724640
7724643
7724649
7724646
7724652
7724655
7724651
7724653
7724661
7724637
7724644
7724666
7724657
7724659
7724662
7724671
7724650
7724665
7724663
7724673
7724654
7724658
7724681
7724674
7724676
7724668
7724664
7724675
7724670
7724672
7724660
7724682
7724683
7724684
7724686
7724685
7724680
7724687
7724678
7724691
7724667
7724669
7724689
7724677
7724688
7724679
7724693
7724690
7724696
7724692
7724694
7724695
