8177046
8177040
8177049
8177043
8177041
8177051
8177044
8177039
8177047
8177045
8177052
8177057
8177050
8177060
8177042
8177048
8177056
8177053
8177055
8177054
8177063
8177062
8177059
8177068
8177067
8177058
8177065
8177064
8177066
8177061
8177081
8177073
8177072
8177074
8177070
8177071
8177075
8177079
8177076
8177069
8177087
8177078
8177082
8177083
8177086
8177088
8177085
8177080
8177077
8177084
8177100
8177090
8177092
8177094
8177095
8177093
8177089
8177091
8177099
8177096
8177102
8177106
8177105
8177104
8177109
8177097
8177103
8177098
8177108
8177101
8322577
8177114
8177117
8177110
8177111
8177107
8177119
8177115
8177121
8177112
8177113
8177127
8177116
8177125
8177120
8177123
8177122
8177118
8177131
8177124
8177128
8177129
8177126
8177137
8177136
8177133
8177138
8177132
8177130
8177140
8177134
8177143
8177146
8177139
8177147
8177135
8177142
8177141
8177145
8177148
8177144
8177152
8177153
8177170
8177149
8177172
8177151
8177171
8177150
8177178
8177176
8177183
8177181
8177174
8177175
8177186
8177182
8177180
8177173
8177179
8177177
8343247
8177185
8177189
8177190
8177187
8177184
8177198
8177188
8177191
8177197
8177196
8177193
8177195
8177206
8177200
8177192
8177210
8177194
8177201
8177199
8177202
8177211
8177204
8177221
8177207
8177205
8177218
8177209
8177219
8177208
8177203
8177213
8177223
8177225
8177224
8177216
8177220
8177212
8177215
8177214
8177217
8177229
8177230
8177233
8177231
8177226
8177237
8177222
8177227
8177228
8177239
8177241
8177243
8177234
8177236
8177244
8177240
8177246
8177235
8177232
8177238
8177245
8177251
8177248
8177249
8177247
8177260
8177250
8177242
8177254
8177253
8177257
8177264
8177252
8177255
8177256
8177270
8177258
8177263
8177259
8177265
8177261
8177262
8177272
8177267
8177268
8177278
8177266
8177277
8177269
8177276
8177280
8177274
8177291
8177281
8177273
8177284
8177282
8177279
8177275
8177287
8177288
8177295
8177286
8177299
8177292
8177290
8177289
8177294
8177285
8177283
8177304
8177298
8177293
8177306
8177302
8177300
8177296
8177301
8177297
8177307
8177328
8177309
8177311
8177305
8177310
8177316
8177303
8177314
8177308
8177318
8177312
8177313
8177317
8177315
8177320
8177319
8177329
8177330
8177331
8177321
8177325
8177324
8177335
8177332
8177322
8177339
8177326
8177323
8177342
8177327
8177340
8177346
8177341
8177333
8177347
8177337
8177334
8177352
8177338
8177336
8177345
8177344
8177348
8177369
8177350
8177367
8177349
8177343
8177351
8177368
8177365
8177363
8177359
8177354
8177355
8177374
8177364
8177370
8177366
8177376
8177444
8177353
8177451
8177362
8177360
8177361
8177446
8177437
8177356
8177357
8177443
8177445
8177442
8177450
8177440
8177441
8177436
8177431
8177448
8177430
8177435
8177439
8177422
8177429
8177432
8177434
8177433
8177426
8177421
8177438
8177403
8177395
8177424
8177423
8177420
8177425
8177427
8177399
8177428
8177396
8177402
8177390
8177397
8177393
8177391
8177386
8177398
8177384
8177401
8177400
8177388
8177378
8177379
8177385
8177394
8177392
8177383
8177373
8177382
8177389
8177375
8177371
8177381
8177358
8177447
8177372
8177387
8177449
8177380
8177377
