9441416
9441410
9441417
9441411
9441418
9441414
9441413
9441415
9441412
9441409
9537333
9537343
9537349
9537339
9537337
9537336
9537334
9537335
9537342
9537338
9962221
9540426
9540430
9540427
9540438
9540442
9540434
9540443
9540437
9540428
9540444
9652123
9540452
9540451
9540447
9540449
9540454
9540343
9540351
9540349
9540453
9540346
9905789
9540376
9540354
9540358
9540355
9540385
9540352
9540353
9540345
9540361
9540356
9703813
9540360
9540389
9540330
9540334
9540332
9540369
9540338
9540335
9540333
9540357
9540337
9540366
9540344
9540341
9540336
9540377
9540347
9540342
9540383
9540382
9540379
9540417
9540381
9540390
9540384
9540380
9540422
9540388
9540391
9540393
9540395
9540432
9540387
9540398
9540363
9540365
9540367
9540362
9540364
9540370
9540368
9540406
9540373
9540374
9540378
9540400
9540375
9540372
9540409
9540371
9540314
9540321
9540315
9540348
9540326
9540322
9540350
9540320
9540316
9540317
9540323
9540302
9540331
9540298
9540324
9540328
9540327
9540303
9540325
9540359
9540304
9540312
9540306
9540307
9540305
9540339
9540309
9540313
9540340
9540308
9540924
9540836
9540874
9540581
9540550
9540923
9540741
9540743
9540784
9540856
9754127
9540765
9540659
9540932
9540599
9540857
9540789
9540862
9540846
9540767
9540958
9540578
9540563
9540768
9540630
9540912
9540938
9540580
9540739
9540790
9540560
9540893
9540812
9540889
9540841
9540794
9540553
9540574
9540592
9540548
9540728
9540950
9540681
9540525
9540618
9540863
9540871
9540959
9540526
9540826
9540880
9540930
9540552
9540727
9540917
9540783
9540573
9540764
9540572
9540554
9540761
9805888
9885176
9885177
9905785
9905786
9540786
9540686
9540551
9540651
9540620
9540571
9540705
9540848
9540854
9540981
9540822
9540808
9540858
9540839
9540810
9540934
9540559
9540825
9540591
9540967
9540738
9540700
9540682
9540537
9540540
9540530
9540759
9540793
9540891
9540649
9540910
9540527
9540788
9540898
9540619
9540736
9540539
9540852
9540663
9540633
9847730
9847724
9540842
9540714
9540809
9540752
9540933
9540971
9540590
9540977
9540943
9540861
9540869
9540800
9540691
9540813
9540962
9540907
9540557
9540747
9540544
9540838
9540895
9540903
9540778
9540703
9540645
9540515
9540511
9540723
9540673
9540674
9540835
9540638
9540850
9540496
9540796
9540867
9540499
9540610
9540780
9540640
9540906
9540505
9540498
9540492
9540605
9540781
9540726
9540748
9540920
9540944
9540775
9540936
9540648
9540952
9540960
9540506
9540701
9540507
9540832
9540604
9540724
9540502
9540949
9540927
9540602
9540754
9540671
9540672
9540607
9540647
9540948
9540603
9540946
9540501
9540504
9540970
9540843
9540969
9540621
9540972
9540773
9540947
9540595
9540824
9540914
9540636
9540693
9540481
9540644
9540984
9540668
9540698
9540804
9540489
9540746
9540779
9541067
9540669
9540749
9540718
9540980
9540485
9540594
9540987
9540484
9540488
9540982
9540951
9540837
9540617
9540955
9540860
9540873
9540494
9540493
9540931
9541068
9540845
9540487
9540817
9540882
9540497
9540495
9540639
9540921
9540939
9541066
9540818
9540831
9981927
9540963
9540899
9540751
9540491
9540905
9540802
9540642
9540883
9540696
9540596
9540490
9540851
9540667
9540719
9540631
9540777
9540666
9540593
9540753
9540715
9540922
