10113678
10114121
10113769
10113772
10113936
10114016
10113771
10114108
10113978
10113910
10114032
10114079
10113957
10113748
10113993
10114134
10114170
10113684
10113679
10113921
10114152
10114132
10113770
10114033
10113946
10113675
10114149
10113676
10113949
10114163
10114005
10113677
10113886
10114055
10114051
10113958
10113743
10113672
10114146
10113749
10114076
10114013
10113939
10113768
10114059
10113673
10113742
10114015
10113674
10114164
10114087
10114177
10114081
10114045
10113887
10113964
10114029
10114003
10113889
10113885
10114053
10114105
10113916
10114172
10114094
10114140
10113912
10114136
10113873
10113881
10114102
10114021
10113994
10113997
10113977
10114071
10113941
10113925
10114049
10113926
10113883
10113988
10114158
10114017
10114096
10113991
10113872
10113951
10113933
10114070
10114077
10113975
10113874
10114039
10113878
10114036
10114131
10114061
10114012
10114123
10114173
10114072
10114002
10114026
10114125
10113871
10114137
10114138
10114168
10113877
10113923
10114018
10114044
10113915
10114068
10113876
10113924
10114046
10113875
10113976
10113965
10113870
10113987
10113985
10114167
10113658
10113879
10114095
10114093
10113937
10113785
10113734
10114078
10113902
10114058
10113904
10114038
10114110
10113943
10113731
10113786
10114066
10113782
10114057
10114178
10113961
10114143
10114007
10113906
10113982
10113972
10113918
10113935
10113962
10114092
10113729
10114100
10113963
10114086
10114151
10114020
10114139
10113905
10114091
10114155
10113705
10114175
10113911
10113784
10114052
10113724
10113945
10113783
10114008
10114041
10113901
10114174
10114001
10114022
10113922
10113984
10113778
10113695
10113971
10114098
10114118
10113903
10114156
10114117
10114099
10113779
10114006
10114060
10114027
10113907
10113930
10113781
10114161
10114122
10113952
10114154
10113900
10114085
10114009
10113780
10113979
10113929
10113703
10113693
10114135
10113895
10113914
10113690
10113777
10114109
10114166
10113898
10113688
10113948
10114074
10114030
10114037
10114028
10114106
10113891
10114111
10113773
10114128
10114040
10114065
10113995
10114126
10113999
10113942
10113687
10114063
10114169
10114019
10114048
10616802
10113960
10114080
10113917
10113776
10113685
10113968
10114148
10114097
10113896
10113775
10113956
10113686
10113892
10113774
10114160
10113969
10114056
10114114
10114084
10113899
10113897
10114088
10114090
10114147
10114047
10113940
10114034
10114023
10114144
10114176
10114014
10113913
10114112
10114103
10113894
10114130
10114031
10114171
10113928
10114069
10113882
10113890
10113998
10113955
10113981
10113927
10114083
10113893
10114000
10114062
10716616
10113934
10113884
10114042
10114101
10114025
10114089
10113888
10114159
10114075
10113992
10114073
10113973
10114116
10114104
10113989
10113880
10114124
10114133
10113668
10664824
10113966
10113669
10113909
10113671
10113670
10113920
10113741
10113959
10113740
10113986
10840093
10113665
10114120
10114157
10114024
10114035
10113666
10113737
10113996
10113667
10113950
10113730
10114141
10114011
10113736
10113662
10114150
10114043
10113974
10113738
10114067
10114165
10114010
10113732
10113663
10114162
10113938
10113735
10113733
10114054
10114050
10113664
10113704
10113723
10113659
10113908
10114107
10114119
10113919
10114064
10113944
10113983
10114153
10113656
10113954
10113661
10113967
10114082
10113660
10113728
10113953
10113691
10113947
10114145
10113970
10113990
10114004
10113694
10114142
10113657
10113692
