11067277
11067266
11067273
11067265
11067275
11067269
11067270
11067267
11067264
11067271
11067282
11067311
11067286
11067298
11067302
11067291
11067284
11067306
11067294
11067308
11067335
11067339
11067321
11067326
11067324
11067330
11067315
11067341
11067333
11067317
11067359
11067344
11067372
11067366
11067369
11067350
11067348
11067357
11067363
11067354
11067395
11067386
11067383
11067404
11067374
11067389
11067380
11067397
11067377
11067400
11067435
11067406
11067415
11067426
11067419
11067429
11067411
11067438
11067433
11067423
11067468
11067471
11067444
11067465
11067453
11067447
11067450
11067441
11067460
11067457
11067500
11067504
11067508
11067474
11067482
11067485
11067498
11067492
11067490
11067478
11067530
11067532
11067528
11067524
11067520
11067511
11067526
11067522
11067518
11067514
11067547
11067543
11067549
11284196
11067535
11067550
11067545
11067537
11067534
11067541
11067304
11067280
11067289
11067329
11067268
11067313
11067320
11067337
11067272
11067296
11067402
11067346
11067409
11067387
11067394
11067362
11067417
11067379
11067370
11067353
11067440
11067488
11067424
11067472
11067448
11067480
11067463
11067431
11067497
11067455
11067551
11067512
11067533
11067542
11067519
11067525
11067505
11067529
11067546
11067538
11067555
11067563
11067553
11067569
11067557
11067567
11067565
11067561
11625619
11630683
11067573
11067577
11067589
11067591
11067585
11067583
11067581
11067579
11067575
11067587
11067607
11067593
11067605
11067599
11067609
11067603
11067597
11067611
11067595
11067601
11067619
11067621
11067625
11471499
11067617
11067615
11067629
11067627
11067623
11067631
11067637
11067641
11067635
11067639
11067642
11067636
11067633
11067638
11067640
11472206
11067650
11067646
11067653
11067644
11067649
11067645
11067652
11067651
11067647
11067648
11067293
11067278
11067281
11067292
11067283
11067274
11067288
11067290
11067276
11067285
11067312
11067305
11067299
11067309
11067301
11067297
11067316
11067314
11067307
11604482
11067318
11067332
11067338
11067325
11067334
11067328
11067340
11067323
11067322
11067331
11067361
11541538
11067351
11067342
11067347
11541537
11067358
11067356
11067349
11067355
11067365
11067385
11067388
11067371
11067381
11067382
11067378
11608565
11067375
11067367
11067398
11067391
11067396
11067390
11067403
11067393
11067405
11067401
11067408
11067410
11067425
11067432
11067427
11067430
11067420
11067413
11067422
11067416
11067418
11067412
11067454
11067456
11652579
11067436
11067446
11067434
11067449
11067442
11067451
11067443
11067479
11067459
11067470
11067473
11067464
11067483
11067475
11067462
11067466
11813181
11067509
11067491
11067499
11067503
11067496
11761783
11067501
11067489
11779980
11779979
11067343
11067303
11067327
11067336
11067279
11067319
11067287
11067352
11067310
11067295
11067384
11067360
11067407
11067428
11067376
11067421
11067368
11067399
11067414
11067392
11067510
11067484
11067493
11067452
11067437
11067461
11067469
11067502
11067445
11779982
11067548
11067517
11067527
11067544
11067536
11067540
11067552
11067554
11067531
11067523
11067562
11067570
11067556
11067566
11067558
11067574
11067572
11067568
11067560
11067564
11067578
11067582
11067576
11067592
11067594
11067590
11067580
11067588
11067586
11067584
11067602
11067606
11067596
11067600
11067614
11067610
11067598
11067612
11067608
11067604
11067624
11067632
11067630
11067626
11067634
11067616
11067628
11067622
11067620
11067618
