38602
38603
38604
38605
38610
38606
38611
38609
38607
39003
39256
39257
39264
39260
39265
39258
39261
39262
39263
39259
40062
40063
40064
40065
40070
40066
40069
40067
40068
40071
41579
41587
41585
41580
41582
41584
41583
41586
41581
41588
42507
42506
42513
42512
42508
42509
42510
42514
42511
42505
43940
43948
43943
43946
43941
43944
43945
43947
43942
44104
45662
45663
45664
45665
45668
45667
45666
45670
45669
45671
46188
46189
46195
46194
46190
46193
46207
46191
46192
46196
48195
48189
48190
48191
48192
48193
48196
48197
48198
48194
50146
50137
50144
50140
50142
50138
50145
50141
50143
50139
51606
51607
51608
51609
51614
51613
51610
51611
51612
51615
52382
52383
52389
52387
52388
52384
52390
52385
52386
52391
53695
53699
53696
53697
53700
53701
53698
53703
53702
53704
54902
54897
54904
54901
54898
54903
54899
54905
54900
55206
56325
56326
56330
56327
56328
56329
56332
56333
56331
56334
57177
57185
57179
57183
57181
57184
57178
57186
57180
57182
57544
57187
57546
57540
57543
57541
57545
57542
57547
57548
58271
58272
58280
58273
58277
58274
58275
58276
58279
70326
59809
59810
59811
59812
59813
59814
59815
59816
59818
59817
66983
66984
66985
66986
66987
66991
66988
66992
66989
66990
67658
67661
67664
67659
67662
67663
67665
67666
67660
67667
69419
69420
69421
69422
69428
69426
69423
69427
69424
69425
70502
70505
70501
70503
70506
70507
70504
70508
70510
70509
71631
71632
71633
71634
71639
71637
71638
71635
71636
71640
73032
73033
73040
73036
73037
73034
73038
73039
73035
73041
74260
74261
74265
74263
74264
74262
74266
74268
74267
74269
83578
75322
75320
75319
75318
75321
75323
75324
75326
75325
75317
76719
76716
76718
76720
76722
76723
76724
76721
76725
76717
78151
78155
78152
78157
78154
78156
78153
78158
78159
78160
79501
79493
79495
79496
79499
79500
79502
79494
79498
79497
80819
80816
80812
80813
80815
80818
80820
80821
80822
80814
82379
82376
82377
82378
82381
82382
82384
82385
82380
82383
86551
86531
86532
86533
86534
86550
86537
86535
86539
86538
87612
87610
87606
87608
87609
87611
87615
87614
87613
87607
90020
90021
90027
90022
90026
90023
90028
90024
90025
90029
90886
90840
90839
90885
90889
90890
90888
90887
90892
90891
90944
90893
90894
90895
90942
90943
90945
90946
90947
90948
92590
92587
92595
92596
92588
92591
92593
92592
92594
92589
