104044
104046
104039
104040
104041
104043
104042
104047
104045
104048
104057
104049
104055
104050
104051
104052
104056
104053
104058
104054
104064
104059
104060
104061
104062
104066
104067
104065
104068
104063
104076
104071
104069
104070
104072
104075
104074
104073
104078
104077
104079
104084
104080
104081
104082
104083
104086
104088
104085
104087
104092
104090
104098
104097
104094
104101
104091
104093
104099
104100
104111
104108
104107
104102
104103
104104
104105
104106
104109
104110
104116
104112
104113
104114
104115
104119
104117
104120
104121
104118
104125
104128
104123
104124
104126
104131
104127
104129
104132
104130
104137
104134
104133
104135
104136
104139
104140
104141
104142
104138
104145
104144
104148
104151
104150
104149
104147
104143
104152
104146
104158
104162
104153
104154
104155
104156
104159
104160
104157
104161
104593
104590
104586
104587
104589
104594
104595
104588
104591
104592
104600
104596
104597
104606
104602
104603
104601
104605
104604
104599
104611
104613
104610
104607
104608
104609
104612
104615
104614
104616
104620
104617
104618
104622
104621
104624
104626
104619
104625
104623
104632
104634
104627
104629
104630
104631
104633
104636
104635
104628
104640
104637
104638
104639
104641
104642
104644
104643
104646
104645
104652
104653
104647
104648
104649
104650
104651
104655
104656
104654
104669
104667
104665
104668
104670
104671
104676
104677
104675
104678
104680
104679
104684
104598
104681
104685
104682
104686
104687
104683
104698
104699
104694
104695
104696
104701
104702
104700
104703
104697
104709
104708
104704
104705
104706
104707
104710
104711
104713
104714
157914
104715
104716
104718
104719
104722
104723
104721
104724
104717
104720
150608
152450
158446
104728
104725
104726
104727
104731
104732
104730
104729
104734
104733
104748
104752
104741
104742
104744
104749
104753
104743
104747
104751
104762
104756
104759
104764
104766
104767
104758
104760
104768
104763
158443
164806
104774
104777
104778
104772
104775
104779
104783
104781
104785
104782
104794
104789
104791
104796
104798
104800
104795
104801
104792
104790
104814
104803
104804
104805
104806
104808
104812
104810
104811
104807
104936
104935
104937
104939
104943
104948
104940
104951
104949
104942
104981
104975
104976
104978
104984
104987
104985
104989
104972
104979
166788
105001
104996
104999
105006
105007
105004
105010
105009
104995
105002
105022
105019
105014
105016
105017
105018
105020
105025
105023
105015
105034
105038
105032
105035
105040
105041
105045
105043
105047
105037
105059
105051
105058
105053
105054
105055
105056
105060
105061
105057
105071
105072
105074
105077
105078
105075
105082
105083
105080
105085
105089
105098
105090
105092
105093
105094
105099
105095
105101
105102
