183555
183554
183556
183557
183558
183559
183562
183560
183561
183563
183567
183565
183570
183566
183569
183574
183575
183576
183573
183568
183584
183577
183578
183579
183581
183582
183583
183585
183586
183580
183607
183606
183608
183610
183611
183609
183613
183612
183618
183619
183626
183627
183625
183629
183630
183631
183633
183632
183628
183624
183636
183634
183637
183638
183639
183640
183642
183643
183635
183641
183645
205857
183647
183650
183651
183649
183644
183648
183653
183652
183662
183654
183656
183657
183660
183661
183659
183663
183658
183655
183670
183664
183665
183666
183668
183671
183669
183673
183672
183667
183678
183676
183680
183681
183674
183675
183679
183682
183683
183677
222616
183692
183690
183684
183685
183686
183687
183691
183693
183688
183689
183697
183696
183698
183699
183702
183694
183695
183701
183703
183700
183708
183709
183705
183706
183711
183707
183713
183712
183710
183704
183726
183714
183716
183718
183720
183723
183715
183725
183728
183721
183742
183740
183732
183733
183737
183743
183738
183745
183744
183735
183747
183756
183749
183753
183758
183759
183761
183752
183755
183750
183773
183763
183775
183764
183771
183774
183778
183776
183777
183772
183780
183779
183782
183784
183781
183785
183787
183788
183783
183786
183793
183789
183790
183791
183794
183797
183796
183798
183795
183792
183810
183801
183802
183804
183805
183806
183808
183809
183803
183800
183812
183811
183816
183813
183815
183818
183817
183820
183814
183819
183826
183825
183821
183822
183823
183827
183830
183828
183829
183824
236428
183831
183832
183835
183836
183838
183837
183839
183840
183833
183834
183842
183841
183847
183848
183845
183850
183849
183843
183844
183846
239376
239382
239381
253762
183861
183852
183854
183858
183860
183863
183862
183864
183866
183856
244480
183875
183878
183871
183873
183874
183879
183880
183881
183877
183876
183883
183885
183882
183886
183888
183889
183887
183890
183891
183884
183900
183892
183893
183894
183899
183896
183898
183895
183901
183897
183909
183902
183903
183904
183905
183907
183910
183906
183911
183908
253761
183918
183917
183912
183913
183914
183915
183920
183919
183921
183916
183923
183922
183925
183926
183929
183930
183931
183924
183928
183927
183936
183932
183933
183935
183939
183937
183941
183940
183934
183938
183943
183952
183944
183945
183946
183949
183950
183942
183951
183948
183956
183953
183959
183955
183958
183960
183957
183962
183954
183961
183971
183964
183963
183966
183965
183969
183970
183972
183967
183968
183976
183973
183979
183975
183978
183981
183982
183977
183974
183980
183983
183984
183986
183987
183988
183985
183989
183990
183991
183992
183993
183999
183994
183995
183996
183998
183997
184000
184001
184002
