266720
266722
266715
266716
266717
266718
266719
266721
266723
266724
266726
266729
266730
266731
266727
266732
266733
266734
266725
266728
266735
266743
266737
266738
266739
266740
266742
266741
266744
266736
266750
266745
266746
266752
266753
266748
266749
266747
266754
266751
266756
266755
266763
266757
266758
266760
266759
266762
266764
266761
266771
266765
266766
266773
266774
266768
266769
266770
266772
266767
266783
266777
266778
266780
266788
266790
266792
266794
266781
266785
266807
266799
266804
266796
266797
266808
266795
266800
266798
266803
266812
266809
266813
266814
266815
266818
266819
266820
266810
266811
266822
266824
266828
266825
266827
266829
266826
266830
266821
266823
266845
266842
266844
266847
266851
266856
266858
266860
266853
266849
266870
266864
266861
266875
266862
266872
266877
266879
266866
266868
266903
266892
266895
266897
266901
266905
266908
266909
266910
266899
266933
266923
266931
266919
266924
266926
266929
266927
266917
266921
266962
266946
266951
266954
266957
266960
266949
266956
266963
266955
266976
266979
266973
266989
266978
266988
266987
266984
266990
266981
425116
267009
267000
267003
267006
267008
267005
267011
267012
267002
267004
267017
267016
267022
267014
267018
267021
267020
267019
267013
267015
267089
267091
267093
267088
267082
267084
267087
267090
267092
267094
267117
267109
267104
267106
267125
267107
267116
267126
267124
267118
267135
267127
267136
267131
267141
267143
267145
267146
267133
267139
267159
267158
267169
267162
267161
267165
267167
267170
267156
267160
267177
267180
267178
267181
267182
267183
267184
267189
267186
267179
267204
267197
267199
267202
267203
267201
267205
267206
267200
267198
267212
267222
267223
267213
267221
267224
267225
267227
267218
267216
267245
267233
267238
267240
267236
267244
267246
267235
267231
267243
267256
267252
267247
267258
267248
267249
267254
267262
267260
267250
267285
267272
267274
267278
267282
267283
267286
267275
267284
267280
267310
267300
267308
267298
267301
267299
267306
267312
267297
267304
267325
267330
267319
267323
267333
267335
267336
267321
267317
267328
267356
267349
267347
267350
267351
267353
267355
267352
267354
267348
267357
267358
267359
267360
267362
267364
267365
267366
267363
267361
267372
267370
267375
267368
267371
267369
267376
267373
267367
267374
267384
267378
267379
267382
267383
267380
267385
267386
267377
267381
267402
267394
267405
267397
267399
267401
267406
267403
267404
267400
267425
267417
267418
267419
267424
267422
267428
267429
267421
267426
267440
267437
267446
267438
267439
267441
267442
267443
267445
267444
267461
267453
267456
267462
267459
267457
267463
267464
267465
267466
