500778
500775
500770
500771
500773
500776
500777
500779
500772
500774
507549
507532
507538
507545
507546
507541
507547
507548
507544
507535
507568
507555
507550
507553
507563
507567
507565
507562
507554
507551
507589
507571
507573
507578
507583
507588
507590
507574
507586
507580
507592
507595
507591
507596
507598
507606
507604
507609
507600
507593
507621
507622
507612
507615
507619
507623
507624
507625
507618
507627
507628
507643
507645
507644
507651
507649
507654
507655
507648
507646
507936
507931
507932
507933
507934
507937
507939
507940
507938
507935
507941
507942
507944
507945
507948
507949
507950
507946
507947
507943
508096
508100
507957
507960
508026
508030
508031
508098
507956
508102
508105
508106
508113
508117
508115
508120
508121
508107
508111
508108
508130
508131
508125
508128
508129
508134
508138
508126
508127
508132
508152
508146
508153
508151
508150
508155
508154
508148
508157
508149
508173
508179
508174
508177
508180
508184
508187
508170
508175
508176
508219
508205
508207
508213
508209
508225
508223
508226
508204
508214
508232
508243
508234
508236
508241
508245
508246
508230
508248
508239
508262
508255
508258
508260
508265
508276
508274
508282
508270
508252
508303
508297
508300
508289
508292
508298
508304
508311
508308
508286
508325
508318
508319
508322
508326
508323
508334
508321
508338
508331
689288
508363
508355
508342
508344
508347
508349
508351
508361
508358
508360
508377
508368
508371
508379
508378
508381
508382
508383
508380
508376
508406
508393
508390
508391
508392
508400
508405
508403
508397
508387
508418
508409
508413
508426
508424
508428
508429
508408
508421
508427
508450
508442
508436
508444
508441
508456
508453
508458
508438
508446
508467
508462
508468
508470
508472
508475
508479
508481
508477
508473
508486
508490
508491
508489
508493
508496
508494
508501
508499
508484
508518
508527
508513
508516
508521
508524
508523
508531
508529
508511
508550
508534
508538
508547
508549
508552
508554
508555
508544
508540
508578
508565
508569
508573
508576
508580
508583
508585
508563
508567
508601
508590
508593
508603
508599
508606
508608
508610
508604
508596
508616
508619
508621
508632
508639
508642
508623
508634
508636
508638
508654
508645
508646
508648
508652
508662
508658
508667
508651
508649
508683
508686
508675
508677
508680
508685
508690
508692
508672
508688
508702
508696
508699
508706
508708
508713
508711
508709
508715
508703
508734
508722
508724
508725
508729
508727
508741
508737
508742
508731
508764
508769
508749
508752
508754
508757
508762
508767
508766
508760
508787
508778
508780
508782
508786
508784
508789
508792
508790
508795
508802
508804
508805
508807
508809
508811
508806
508815
508819
508821
