769574
769569
769570
769571
769572
769575
769577
769576
769578
769573
769579
769581
769584
769585
769587
769588
769586
769580
769582
769583
769594
769591
769592
769595
769597
769598
769593
769589
769596
769590
769599
769600
769602
769604
769605
769606
769603
769601
769618
769607
769613
769608
769611
769612
769615
769617
769609
769610
769616
769614
769619
769620
769621
769622
769625
769628
769626
769624
769627
769623
769629
769631
769632
769633
769637
769636
769635
769634
769638
769630
769639
769640
769642
769645
769643
769648
769641
769647
769646
769644
769654
769650
769651
769655
769656
769657
769653
769649
769652
769658
769659
769660
769661
769662
769667
769668
769670
769666
769669
769663
769671
769675
769672
769673
769674
769676
769677
769679
769680
769678
769681
769683
769684
769687
769688
769690
769686
769682
769689
769685
770033
770029
770030
770031
770032
770037
770034
770036
770038
770035
770039
770040
770041
770045
770044
770048
770042
770046
770047
770043
770049
770050
770051
770052
770057
770058
770056
770054
770055
770053
770059
770060
770061
770062
770065
770063
770067
770064
770068
770066
936649
770069
770070
770072
770074
770078
770076
770075
770071
851937
770077
770079
770081
770083
770086
770087
770088
770085
770080
770084
770082
770090
770091
851938
770097
770099
770100
770089
770093
770098
770096
770106
770101
770103
770104
770107
770105
770109
770108
770110
770102
964318
964319
964320
770112
770114
770117
770115
770119
770120
770116
770111
770118
770113
770126
770121
770123
770124
770127
851939
770128
770122
770129
770125
770132
770134
770136
770137
770139
770140
770133
770131
770138
770135
770141
770142
770143
770144
770148
770150
770147
770145
770149
770146
770151
770152
770154
770156
770157
770160
770158
770155
770159
770153
770164
770167
770169
770170
770161
770166
770162
770163
770168
770165
770171
770174
770176
770177
770175
770180
770173
770172
770178
770179
770186
770182
770184
770187
770189
770190
770181
770183
770185
770188
770191
770192
770193
770197
770198
770199
770196
770194
770195
770200
770205
770201
770203
770204
770206
770210
770202
770207
770209
770208
770211
770212
770213
770217
770218
770220
770219
770216
770214
770215
770225
770222
770223
770226
770229
770230
770228
770224
770227
770221
770235
770231
770232
770233
770236
770237
770239
770240
770234
770238
770246
770242
770243
770244
770249
770250
770245
770247
770248
770241
770254
770251
770252
770253
770255
770256
770258
770257
770259
770260
770267
770261
770262
770263
770265
770270
770269
770264
770268
770266
851940
770272
770273
770274
770276
770277
770275
770279
770278
770280
770281
770282
770283
770284
770286
770287
770285
770290
770288
770289
