1055514
1055509
1055511
1055512
1055515
1055517
1055516
1055518
1055513
1055510
1055520
1055521
1055524
1055522
1055526
1055527
1055528
1055525
1055519
1055523
1055534
1055529
1055532
1055535
1055537
1055538
1055536
1055530
1055531
1055533
1055540
1055541
1055544
1055546
1055547
1055539
1055542
1055545
1055548
1055543
1055551
1055552
1055555
1055556
1055553
1055558
1055550
1055549
1055557
1055554
1055560
1055562
1055564
1055566
1055567
1055559
1055563
1055561
1055568
1055565
1055575
1055569
1055573
1055576
1055577
1055578
1055574
1055571
1055572
1055570
1055580
1055583
1055584
1055586
1055587
1055585
1055581
1055588
1055579
1055582
1055589
1055590
1055595
1055596
1055593
1055598
1055591
1055594
1055592
1055597
1055600
1055602
1055605
1055607
1055608
1055601
1055606
1055599
1055603
1055604
1203674
1055610
1055617
1055618
1055613
1055609
1055611
1055614
1055615
1055612
1055616
1055619
1055620
1055622
1055623
1055624
1055621
1055627
1055625
1055626
1055628
1055633
1055629
1055631
1055634
1055635
1055638
1055636
1055630
1055637
1055632
1055640
1055642
1055643
1055647
1055639
1055646
1055648
1055645
1055644
1055641
1334128
1055654
1055651
1055652
1055656
1055657
1055658
1055650
1055649
1055655
1055653
1249112
1055664
1055665
1055667
1055666
1055668
1055660
1055659
1055662
1055661
1055663
1055669
1055670
1055675
1055673
1055671
1055674
1055676
1055677
1055678
1055672
1055680
1055682
1055685
1055686
1055681
1055688
1055687
1055679
1055683
1055684
1266568
1055690
1055689
1055691
1055694
1055695
1055693
1055692
1055696
1055697
1055698
1055704
1055699
1055701
1055702
1055703
1055705
1055706
1055707
1055708
1055700
1055716
1055710
1055711
1055712
1055714
1055713
1055715
1055717
1055718
1055709
1055724
1055720
1055721
1055722
1055726
1055727
1055725
1055719
1055728
1055723
1055730
1055731
1055733
1055734
1055770
1055729
1055768
1055769
1055771
1055732
1055778
1055774
1055775
1055779
1055780
1055781
1055777
1055772
1055776
1055773
1055782
1055784
1055785
1055787
1055790
1055783
1055788
1055786
1055791
1055789
1317722
1055796
1055794
1055798
1055795
1055800
1055801
1055797
1055792
1055793
1055799
1312851
1055802
1055806
1055808
1055811
1055809
1055804
1055810
1055805
1055807
1055803
1055816
1055812
1055814
1055817
1055818
1055819
1055815
1055813
1055821
1055820
1055822
1055825
1055829
1055831
1055830
1055824
1055826
1055823
1055828
1055827
1055835
1055832
1055834
1055837
1055838
1055840
1055839
1055841
1055833
1055836
1334129
1344627
1055844
1055846
1055849
1055851
1055850
1055852
1055848
1055847
1055845
1055843
1055858
1055853
1055854
1055855
1055861
1055862
1055860
1055859
1055856
1055857
1055863
1055866
1055869
1055870
1055865
1055872
1055864
1055867
1055868
1055871
1055873
1055875
1055878
1055879
1055876
1055881
1055880
1055874
1055882
1055877
1351525
1055888
1055886
1055883
1055884
1055887
1055891
1055890
1055885
1055892
1055889
1055894
1055895
1055898
1055899
1055896
1055900
1055901
1055902
1055893
1055897
1055908
1055903
1055904
1055905
1055906
1055907
1055909
1055911
1055910
1055912
1055914
1055915
1055918
1055919
1055917
1055916
1055920
1055921
1055922
1055913
