1369973
1369974
1369978
1369976
1369975
1369979
1369981
1369980
1369982
1369977
1369989
1369988
1369990
1369991
1369985
1369992
1369983
1369984
1369986
1369987
1458924
1369994
1369998
1369996
1369995
1370000
1370002
1369993
1369997
1370001
1369999
1370003
1370007
1370009
1370010
1370012
1370005
1370008
1370006
1370011
1370004
1370013
1370018
1370016
1370020
1370021
1370022
1370015
1370019
1370014
1370017
1370027
1370026
1370028
1370030
1370031
1370032
1370023
1370025
1370029
1370024
1370033
1370035
1370037
1370040
1370041
1370039
1370038
1370034
1370042
1370036
1370043
1370046
1370044
1370047
1370051
1370052
1370050
1370045
1370048
1370049
1370053
1370055
1370060
1370059
1370054
1370062
1370056
1370057
1370061
1370058
1370067
1370064
1370065
1370068
1370071
1370070
1370072
1370063
1370069
1370066
1370073
1370075
1370076
1370077
1370074
1370081
1370079
1370078
1370082
1370080
1543572
1551507
1370083
1370084
1370091
1370092
1370090
1370085
1370086
1370087
1370088
1370089
1370100
1370094
1370101
1370099
1370095
1370102
1370096
1370093
1370097
1370098
1557257
1370106
1370108
1370110
1370111
1370109
1370112
1370107
1370103
1370105
1370104
1370120
1370117
1370121
1370119
1370115
1370122
1370114
1370113
1370116
1370118
1562748
1370123
1370124
1370131
1370129
1370132
1370126
1370125
1370127
1370128
1370130
1370133
1370137
1370138
1370141
1370136
1370142
1370134
1370140
1370139
1370135
1370146
1370147
1370150
1370149
1370152
1370148
1370143
1370144
1370151
1370145
1592280
1592279
1370158
1370153
1370160
1370156
1370157
1370161
1370159
1370155
1370162
1370154
1370163
1370165
1370168
1370169
1370166
1370170
1370164
1370171
1370172
1370167
1370173
1370175
1370177
1370180
1370181
1370182
1370176
1370174
1370179
1370178
1370185
1370186
1370189
1370190
1370188
1370184
1370191
1370183
1370192
1370187
1370193
1370196
1370194
1370197
1370198
1370201
1370200
1370199
1370202
1370195
1370208
1370203
1370205
1370206
1370209
1370204
1370207
1370210
1370211
1370212
1370213
1370216
1370220
1370221
1370219
1370222
1370214
1370217
1370218
1370215
1370225
1370226
1370229
1370230
1370231
1370232
1370223
1370227
1370224
1370228
1370240
1370233
1370235
1370237
1370238
1370241
1370242
1370234
1370236
1370239
1370243
1370246
1370250
1370244
1370251
1370252
1370247
1370249
1370245
1370248
1370253
1370255
1370256
1370258
1370261
1370259
1370262
1370257
1370260
1370254
1370270
1370263
1370264
1370266
1370267
1370272
1370265
1370271
1370269
1370268
1370274
1370277
1370280
1370281
1370279
1370282
1370275
1370273
1370276
1370278
1370290
1370283
1370284
1370286
1370291
1370285
1370292
1370287
1370289
1370288
1370293
1370294
1370301
1370299
1370298
1370296
1370297
1370295
1370302
1370300
1370303
1370310
1370304
1370305
1370307
1370308
1370306
1370311
1370312
1370309
1370318
1370320
1370313
1370314
1370316
1370317
1370321
1370319
1370322
1370315
1370323
1370329
1370326
1370330
1370331
1370332
1370328
1370325
1370324
1370327
1370333
1370334
1370338
1370339
1370336
1370335
1370340
1370342
1370341
1370343
1370344
1370350
1370345
1370347
1370348
1370349
1370351
1370352
1370346
1370353
