1762761
1762764
1762767
1762768
1762769
1762766
1762770
1762763
1762765
1762762
1763346
1763347
1763349
1763350
1763348
1763351
1763352
1763343
1763344
1763345
1763354
1763356
1763357
1763361
1763355
1763353
1763359
1763360
1763362
1763358
1763363
1763366
1763368
1763364
1763372
1763367
1763370
1763369
1763371
1763365
1763373
1763374
1763375
1763376
1763381
1763382
1763377
1763378
1763379
1763380
1763383
1763387
1763389
1763384
1763391
1763392
1763386
1763390
1763385
1763388
1763394
1763393
1763395
1763396
1763397
1763399
1763398
1763400
1763402
1763401
1763406
1763409
1763407
1763405
1763411
1763412
1763408
1763403
1763404
1763410
1763414
1763415
1763417
1763419
1763421
1763422
1763413
1763416
1763418
1763420
1763424
1763428
1763427
1763425
1763426
1763431
1763429
1763423
1763432
1763430
1763434
1763435
1763439
1763438
1763441
1763442
1763437
1763433
1763440
1763436
1763443
1763445
1763448
1763450
1763444
1763446
1763447
1763449
1763451
1763452
1763456
1763455
1763457
1763459
1763458
1763461
1763462
1763460
1763453
1763454
1763467
1763471
1763463
1763465
1763469
1763466
1763468
1763464
1763472
1763470
1763474
1763478
1763480
1763481
1763479
1763482
1763475
1763473
1763476
1763477
1763486
1763483
1763487
1763490
1763485
1763488
1763491
1763484
1763492
1763489
1763497
1763499
1763500
1763498
1763501
1763502
1763496
1763493
1763494
1763495
1763506
1763507
1763510
1763511
1763509
1763505
1763508
1763503
1763504
1763512
1763517
1763513
1763515
1763516
1763520
1763518
1763514
1763521
1763522
1763519
1763523
1763524
1763526
1763527
1763529
1763530
1763531
1763532
1763525
1763528
1763533
1763537
1763539
1763538
1763534
1763541
1763536
1763535
1763542
1763540
1763546
1763549
1763551
1763543
1763548
1763550
1763544
1763545
1763552
1763547
2392083
2392223
2392085
1763553
1763558
1763557
1763555
1763562
1763560
1763554
1763556
1763559
1763561
2412844
1763563
1763565
1763566
1763567
1763569
1763572
1763568
1763564
1763571
1763570
1763573
1763574
1763578
1763579
1763576
1763582
1763577
1763575
1763581
1763580
1763585
1763586
1763589
1763588
1763591
1763592
1763583
1763584
1763590
1763587
1763593
1763599
1763594
1763596
1763601
1763602
1763597
1763595
1763600
1763598
1763603
1763604
1763605
1763607
1763609
1763608
1763611
1763612
1763610
1763606
1763613
1763618
1763619
1763617
1763614
1763616
1763622
1763615
1763621
1763620
1763624
1763625
1763628
1763632
1763633
1763630
1763629
1763626
1763627
1763631
2535096
1763634
1763637
1763640
1763635
1763638
1763643
1763639
1763636
1763641
1763642
1763645
1763646
1763648
1763650
1763651
1763653
1763644
1763649
1763647
1763652
1763657
1763658
1763661
1763662
1763656
1763659
1763655
1763654
1763663
1763660
1763672
1763667
1763664
1763668
1763670
1763671
1763669
1763673
1763666
1763665
1763681
1763674
1763675
1763677
1763682
1763680
1763679
1763676
1763683
1763678
1763688
1763685
1763693
1763684
1763686
1763687
1763690
1763691
1763692
1763689
1763694
1763695
1763697
1763698
1763700
1763701
1763702
1763699
1763703
1763696
1763704
1763706
1763707
1763708
1763710
1763711
1763709
1763705
1763712
1763713
