2717710
2717698
2717712
2717714
2717700
2717708
2717718
2717706
2717702
2717716
2717726
2717788
2717790
2717722
2717792
2717794
2717796
2717724
2717786
2717720
2717806
2717810
2717800
2717814
2717816
2717804
2717818
2717808
2717802
2717812
2720366
2720354
2720368
2720356
2720358
2720370
2720372
2720360
2720364
2720362
2720386
2720388
2720378
2720382
2720376
2720380
2720392
2720390
2720384
2720374
2720402
2720406
2720394
2720396
2720408
2720410
2720412
2720398
2720404
2720400
2720430
2720428
2720414
2720416
2720424
2720422
2720420
2720432
2720418
2720426
2720434
2720442
2720446
2720440
2720438
2720450
2720452
2720448
2720436
2720444
2720462
2720468
2720456
2720464
2720470
2720460
2720472
2720454
2720466
2720458
2720476
2720482
2720484
2720474
2720480
2720490
2720492
2720478
2720488
2720486
3243867
3260813
2720508
2720506
2720502
2720510
2720498
2720496
2720512
2720494
2720504
2720500
2720514
2720522
2720528
2720516
2720530
2720532
2720526
2720518
2720520
2720524
2720540
2720548
2720534
2720550
2720538
2720536
2720552
2720546
2720544
2720542
2720556
2720564
2720566
2720554
2720558
2720568
2720570
2720560
2720572
2720562
2720574
2720588
2720582
2720584
2720586
2720578
2720592
2720590
2720576
2720580
2720612
2720606
2720602
2720594
2720600
2720610
2720598
2720608
2720604
2720596
2720624
2720632
2720622
2720614
2720618
2720626
2720630
2720616
2720628
2720620
2720650
2720652
2720642
2720644
2720640
2720648
2720638
2720634
2720636
2720646
2720668
2720660
2720654
2720666
2720658
2720656
2720664
2720672
2720670
2720662
2720676
2720688
2720678
2720684
2720674
2720692
2720680
2720690
2720686
2720682
2720706
2720698
2720704
2720694
2720696
2720710
2720712
2720708
2720702
2720700
2720732
2720730
2720722
2720714
2720728
2720720
2720718
2720716
2720724
2720726
2720752
2720736
2720748
2720740
2720742
2720738
2720750
2720734
2720744
2720746
2720768
2720758
2720754
2720756
2720764
2720760
2720772
2720762
2720770
2720766
2720780
2720784
2720786
2720774
2720782
2720788
2720792
2720778
2720790
2720776
2720804
2720810
2720794
2720796
2720800
2720798
2720812
2720806
2720802
2720808
2720822
2720830
2720826
2720816
2720814
2720818
2720832
2720828
2720824
2720820
2720850
2720846
2720834
2720848
2720838
2720836
2720852
2720842
2720840
2720844
2720866
2720868
2720862
2720858
2720864
2720860
2720870
2720854
2720872
2720856
2720886
2720876
2720874
2720880
2720890
2720878
2720892
2720882
2720888
2720884
2720904
2720910
2720906
2720902
2720894
2720898
2720912
2720896
2720908
2720900
2720932
2720916
2720914
2720922
2720920
2720930
2720918
2720926
2720928
2720924
2720940
2720942
2720946
2720934
2720938
2720948
2720952
2720944
2720936
2720950
2720962
2720958
2720954
2720968
2720960
2720970
2720972
2720966
2720964
2720956
2720976
2720984
2720982
2720980
2720988
2720992
2720978
2720990
2720974
2720986
2721002
2721004
2720994
2721008
2721000
2721010
2721012
2720998
2720996
2721006
2721024
2721014
2721028
2721016
2721022
2721030
2721032
2721020
2721018
2721026
2721034
2721046
2721038
2721040
2721036
2721042
2721044
2721048
2721050
2721052
