3944325
3944315
3944321
3944327
3944323
3944329
3944317
3944331
3944313
3944319
3944349
3944337
3944333
3944341
3944347
3944345
3944351
3944339
3944335
3944343
3946767
3946773
3946757
3946761
3946769
3946765
3946759
3946763
3946755
3946771
3946777
3946785
3946775
3946779
3946793
3946787
3946789
3946791
3946783
3946781
3946797
3946811
3946795
3946799
3946807
3946809
3946813
3946805
3946801
3946803
3946831
3946815
3946833
3946827
3946829
3946817
3946819
3946823
3946821
3946825
3946841
3946843
3946835
3946837
3946839
3946849
3946851
3946853
3946845
3946847
3946859
3946865
3946863
3946861
3946871
3946873
3946857
3946869
3946855
3946867
3946875
3946885
3946879
3946881
3946889
3946891
3946893
3946887
3946877
3946883
3946903
3946907
3946905
3946895
3946901
3946909
3946897
3946913
3946911
3946899
3946927
3946923
3946915
3946919
3946921
3946931
3946933
3946917
3946925
3946929
3946947
3946951
3946935
3946941
3946953
3946949
3946937
3946945
3946943
3946939
3946965
3946967
3946955
3946959
3946961
3946971
3946973
3946957
3946963
3946969
3946975
3946989
3946983
3946981
3946993
3946991
3946977
3946979
3946987
3946985
3947003
3947009
3947005
3946999
3947001
3947011
3947013
3946997
3946995
3947007
3947021
3947027
3947029
3947015
3947019
3947025
3947033
3947031
3947017
3947023
3947041
3947045
3947039
3947049
3947047
3947053
3947037
3947035
3947051
3947043
4820742
3947067
3947073
3947055
3947061
3947069
3947071
3947059
3947057
3947063
3947065
3947081
3947089
3947075
3947083
3947091
3947087
3947093
3947079
3947077
3947085
3947101
3947105
3947113
3947109
3947111
3947103
3947095
3947097
3947099
3947107
3947123
3947133
3947117
3947121
3947115
3947129
3947119
3947125
3947127
3947131
4932006
3947149
3947145
3947153
3947143
3947147
3947135
3947139
3947137
3947151
3947141
4968620
3947157
3947165
3947159
3947173
3947169
3947167
3947155
3947161
3947163
3947171
3947191
3947175
3947189
3947187
3947193
3947177
3947183
3947181
3947179
3947185
5028818
3947213
3947205
3947211
3947209
3947199
3947197
3947207
3947195
3947201
3947203
3947227
3947219
3947231
3947217
3947223
3947215
3947233
3947225
3947229
3947221
3947249
3947245
3947235
3947251
3947237
3947253
3947239
3947241
3947247
3947243
3947263
3947265
3947273
3947257
3947255
3947267
3947269
3947261
3947271
3947259
3947283
3947287
3947279
3947275
3947281
3947291
3947293
3947277
3947285
3947289
3947307
3947311
3947309
3947305
3947303
3947297
3947295
3947313
3947301
3947299
3947327
3947323
3947331
3947333
3947317
3947321
3947325
3947315
3947319
3947329
3947335
3947349
3947353
3947351
3947343
3947337
3947339
3947347
3947341
3947345
3947363
3947373
3947357
3947361
3947371
3947365
3947355
3947359
3947369
3947367
3947391
3947389
3947375
3947379
3947385
3947393
3947387
3947381
5318918
5337742
3947401
3947403
3947413
3947411
3947407
3947399
3947409
3947405
3947395
3947397
3947423
3947427
3947415
3947431
3947419
3947429
3947417
3947425
3947421
3947433
3947447
3947439
3947453
3947445
3947435
3947449
3947437
3947451
3947443
3947441
3947457
3947469
3947463
3947465
3947461
3947467
3947455
3947459
3947471
3947473
