5508814
5508790
5508794
5508796
5508808
5508810
5508812
5508792
5508804
5508806
5509166
5509176
5509168
5509170
5509174
5509178
5509182
5509172
5509180
5509164
5509186
5509188
5509184
5509192
5509196
5509200
5509202
5509194
5509204
5509198
5509214
5509218
5509208
5509210
5509212
5509220
5509224
5509206
5509216
5509222
5509234
5509242
5509226
5509236
5509238
5509244
5509240
5509232
5509230
5509228
5509246
5509254
5509252
5509256
5509260
5509264
5509250
5509258
5509248
5509262
5509282
5509284
5509266
5509274
5509278
5509280
5509276
5509272
5509268
5509286
5509300
5509306
5509292
5509294
5509298
5509302
5509288
5509290
5509304
5509296
5509322
5509310
5509308
5509318
5509324
5509312
5509326
5509314
5509316
5509320
5509330
5509334
5509340
5509332
5509338
5509344
5509346
5509336
5509328
8060497
5509696
5509366
5509358
5509348
5509350
5509360
5509352
5509362
5509354
5509364
5509356
5509380
5509374
5509370
5509372
5509378
5509382
5509386
5509384
5509368
5509376
5509402
5509394
5509388
5509390
5509392
5509406
5509396
5509404
5509400
5509398
5509418
5509408
5509420
5509410
5509414
5509426
5509424
5509422
5509416
5509412
5509436
5509438
5509430
5509434
5509440
5509442
5509446
5509428
5509432
5509444
5509454
5509464
5509460
5509448
5509450
5509458
5509462
5509466
5509452
5509456
5509486
5509478
5509468
5509470
5509484
5509482
5509472
5509474
5509480
5509476
5509496
5509502
5509488
5509494
5509500
5509506
5509504
5509490
5509492
5509498
5509512
5509520
5509510
5509514
5509518
5509522
5509526
5509516
5509524
5509508
5509540
5509528
5509532
5509534
5509544
5509546
5509530
5509542
5509536
5509538
5509548
5509552
5509560
5509550
5509554
5509558
5509566
5509562
5509564
5509556
5509580
5509574
5509568
5509572
5509578
5509576
5509570
5509582
5509584
5509586
5509604
5509596
5509592
5509594
5509598
5509602
5509606
5509590
5509588
5509600
5509626
5509624
5509608
5509610
5509618
5509622
5509612
5509614
5509620
5509616
5509636
5509644
5509640
5509630
5509632
5509642
5509646
5509628
5509638
5509634
6700343
5509658
5509660
5509648
5509650
5509664
5509652
5509654
5509656
5509662
5509666
6688883
5509676
5509672
5509668
5509670
5509674
5509678
5509686
5509684
5509682
5509680
5509706
5509698
5509688
5509690
5509700
5509702
5509692
5509704
5509694
6222794
5509720
5509726
5509718
5509710
5509714
5509722
5509724
5509712
5509708
5509716
5509738
5509736
5509728
5509730
5509742
5509732
5509746
5509744
5509740
5509734
5509760
5509750
5509752
5509754
5509758
5509762
5509766
5509748
5509764
5509756
5509770
5509784
5509774
5509780
5509782
5509772
5509786
5509768
5509776
5509778
5509804
5509806
5509800
5509788
5509790
5509794
5509798
5509792
5509802
5509796
5509816
5509818
5509808
5509810
5509822
5509812
5509826
5509824
5509814
5509820
5509838
5509836
5509828
5509830
5509834
5509842
5509846
5509832
5509840
5509844
5509860
5509850
5509848
5509858
5509862
5509852
5509866
5509854
5509864
5509856
5509878
5509868
5509872
5509874
5509880
5509882
5509884
5509876
5509886
5509870
5509888
5509890
5509892
5509894
5509898
5509896
5509900
5509904
5509902
5509906
