6770373
6770370
6770367
6770372
6770374
6770366
6770371
6770368
6770369
6770459
6770456
6770452
6770460
6770453
6770461
6770455
6770458
6770454
6770457
6770468
6770473
6770466
6770467
6770464
6770470
6770475
6770472
6770465
6770471
6770495
6770481
6770469
6770480
6770483
6770482
6770474
6770496
6770479
6770494
6770486
6770490
6770477
6770489
6770478
6770492
6770485
6770488
6770487
6770484
6770500
6770501
6770491
6770499
6770498
6770515
6770493
6770514
6770516
6770497
6770502
6770509
6770507
6770504
6770510
6770508
6770503
6770512
6770506
6770505
6770521
6770533
6770519
6770535
6770518
6770520
6770517
6770534
6770513
6770511
6770526
6770528
6770522
6770525
6770530
6770524
6770523
6770532
6770527
6770529
6925869
6770531
6770538
6770557
6770536
6770556
6770539
6770540
6770537
6770555
6770541
6770549
6770550
6770544
6770542
6770545
6770547
6770553
6770543
6770546
6770548
6770574
6770568
6770572
6770570
6770569
6770573
6770567
6770571
6770552
6770554
6770575
6770561
6770563
6770558
6770577
6770559
6770565
6770560
6770576
6770562
6770583
6770566
6770564
6770581
6770582
6770579
6770584
6770586
6770585
6770580
6770594
6770595
6770588
6770592
6770591
6770596
6770598
6770589
6770590
6770593
6770769
6770772
6770775
6770770
6770778
6770771
6770776
6770773
6770777
6770774
6770782
6770785
6770784
6770786
6770780
6770787
6770789
6770783
6770781
6770779
6770806
6770805
6770801
6770803
6770802
6770804
6770800
6770799
6770808
6770809
6770794
6770797
6770796
6770791
6770793
6770798
6770807
6770790
6770795
6770792
6770825
6770823
6770815
6770816
6770817
6770819
6770820
6770821
6770818
6770822
6770831
6770810
6770832
6770828
6770830
6770826
6770824
6770829
6770833
6770827
6770841
6770844
6770835
6770837
6770836
6770840
6770842
6770834
6770839
6770843
6770850
6770846
6770851
6770849
6770848
6770853
6770838
6770852
6770847
6770845
6770854
6770857
6770856
6770858
6770859
6770863
6770864
6770855
6770861
6770862
6770865
6770866
6770871
6770872
6770868
6770867
6770873
6770869
6770860
6770870
6770959
6770957
6821690
6770958
6770964
6770965
6770966
6770969
6770967
6770961
6770956
6770971
6770972
6770963
6770960
6770973
6770979
6770968
6770970
6770962
7008218
6770985
6770978
6770983
6770986
6770981
6770976
6770984
6770977
6770982
6770980
7017414
6770766
6770767
6770748
6770768
6770746
6770788
6770749
6770750
6770890
6770747
6770995
6770999
6770993
6770991
6770998
6771001
6770996
6770987
6770989
6770997
6771000
6770994
6770990
6771002
6771005
6771014
6771003
6770988
6770992
6771004
6771017
6771022
6771013
6771021
6771015
6771016
6771006
6771008
6771007
6771020
6771011
6771009
6771010
6771024
6771012
6771019
6771029
6771023
6771018
6771025
6771043
6771042
6771031
6771041
6771038
6771037
6771035
6771036
6771032
6771034
6771045
6771062
6771044
6771040
6771028
6771039
6771027
6771033
6771030
6771026
6771049
6771051
6771054
6771065
6771060
6771047
6771059
6771046
6771048
6771063
6771064
6771058
6771057
6771052
6771061
6771055
6771050
6771056
6771053
6771079
6771074
6771080
6771067
6771077
6771084
6771082
6771068
6771073
6771070
6771066
