7079577
7079581
7079572
7079580
7079575
7079578
7079579
7079576
7079573
7079574
7079870
7079873
7079867
7079872
7079869
7079871
7079865
7079868
7079866
7079874
7079883
7079881
7079882
7079879
7079878
7079875
7079877
7079884
7079876
7079880
7079888
7079891
7079890
7079887
7079892
7079886
7079894
7079893
7079889
7079885
7079901
7079902
7079898
7079914
7079900
7079903
7079899
7079896
7079897
7079895
7079942
7079935
7079943
7079944
7079939
7079937
7079941
7079936
7079940
7079938
7079948
7079954
7079947
7079952
7079953
7079945
7079951
7079950
7079946
7079949
7079911
7079904
7079912
7079910
7079909
7079907
7079908
7079913
7079906
7079905
7079920
7079924
7079919
7079918
7079921
7079915
7079917
7079923
7079916
7079922
7079933
7079926
7079929
7079927
7079934
7079928
7079930
7079931
7079932
7079925
7079963
7079957
7079958
7079964
7079959
7079955
7079961
7079962
7079960
7079956
7079967
7079972
7079968
7079969
7079971
7079970
7079965
7079973
7079974
7079966
7079993
7079999
7079997
7079994
7080000
7079995
7080001
7080002
7079996
7079998
7080040
7080003
7080089
7080006
7080035
7080059
7080013
7080039
7080055
7080005
7079978
7079979
7079977
7079981
7079983
7079982
7079975
7079976
7079980
7080010
7079989
7079988
7079985
7079991
7079990
7080041
7079992
7079984
7079987
7079986
7362960
7080051
7080032
7080031
7080037
7080029
7080014
7080036
7080012
7080030
7080033
7300828
7080017
7080018
7080008
7080009
7080007
7080038
7080016
7080011
7080015
7080034
7080062
7080052
7080042
7080004
7080050
7080061
7080060
7080056
7080058
7080045
7080023
7080025
7080022
7080024
7080026
7080021
7080020
7080019
7080027
7080028
7080088
7080043
7080053
7080054
7080049
7080057
7080044
7080048
7080047
7080046
7326183
7080101
7080107
7080080
7080105
7080099
7080104
7080091
7080100
7080106
7080096
7080092
7080111
7080081
7080083
7080142
7080094
7080073
7080090
7080077
7080097
7080093
7080103
7080064
7080112
7080078
7080084
7080063
7080087
7080114
7080143
7339684
7080171
7080128
7080151
7080146
7080172
7080166
7080149
7080158
7080155
7080147
7080169
7080129
7080173
7080133
7080164
7080125
7080145
7080120
7080161
7080168
7080065
7080082
7080095
7080116
7080074
7080085
7080075
7080067
7080098
7080079
7080113
7080066
7080108
7080086
7080069
7080076
7080110
7080117
7080068
7080102
7080137
7080167
7080132
7080071
7080127
7080109
7080115
7080139
7080152
7080070
7080150
7080157
7080119
7080124
7080126
7080148
7080118
7080136
7080156
7080203
7080153
7080165
7080134
7080122
7080159
7080131
7080138
7080144
7080121
7080154
7376472
7398859
7080162
7080160
7080163
7080141
7080130
7080170
7080174
7080123
7080135
7080140
7080215
7080216
7080225
7080185
7080223
7080221
7080218
7080219
7080222
7080220
7080206
7080208
7080260
7080175
7080210
7080200
7080195
7080211
7080205
7080213
7080176
7080180
7080178
7080181
7080214
7080182
7080204
7080179
7080186
7080177
7080184
7080187
7080217
7080188
7080201
7080202
7080190
7080199
7080193
7080183
7080209
7080194
7080191
7080192
7080212
7080207
7080196
7080197
7080198
7080189
7080224
7080227
7080261
7080259
7080226
7080228
7080237
7080232
7080258
7080229
