7438243
7438244
7438249
7438248
7438246
7438247
7438242
7438241
7438240
7438245
7438366
7438389
7438382
7438396
7438381
7438368
7438370
7438377
7438402
7438376
7438375
7438386
7438364
7438361
7438390
7438395
7438393
7438369
7438388
7438385
7438384
7438378
7438391
7438383
7438365
7438398
7438373
7438371
7438392
7438394
7438372
7438374
7438362
7438367
7438363
7438379
7438397
7438399
7438380
7438387
7438414
7438450
7438456
7438413
7438421
7438448
7438743
7438461
7438446
7438744
7438403
7438416
7438407
7438425
7438410
7438433
7438432
7438464
7438426
7438443
7438441
7438445
7438449
7438459
7438418
7438436
7438438
7438455
7438463
7438409
7620007
7438434
7438442
7438411
7438417
7438420
7438457
7438431
7438437
7438401
7438430
7438741
7438451
7438465
7438460
7438423
7438429
7438439
7438404
7438453
7438440
7438427
7438428
7438405
7438452
7438412
7438400
7438422
7438435
7438419
7438415
7438444
7438458
7438740
7438408
7438742
7438462
7438406
7438424
7438447
7438454
7438495
7438633
7438568
7438616
7438524
7438530
7438511
7438493
7438547
7438540
7438610
7438590
7438505
7438602
7438522
7438471
7438606
7438490
7438566
7438596
7438630
7438520
7438541
7438631
7438500
7438519
7438538
7438555
7438506
7438563
7438604
7438534
7438594
7438484
7438488
7438572
7438598
7438614
7438487
7438474
7438542
7438557
7438619
7438595
7438496
7438521
7438515
7438643
7438533
7438571
7438618
7438573
7438491
7438600
7438472
7438525
7438608
7438537
7438468
7438553
7438629
7438621
7438592
7438539
7438497
7438482
7438526
7438575
7438551
7438514
7438518
7438578
7438466
7438612
7438475
7438492
7438599
7438615
7438552
7438531
7438550
7438559
7438577
7438622
7438625
7438498
7438513
7438528
7438512
7438570
7438485
7438529
7438632
7438477
7438536
7438576
7438597
7438494
7438593
7438549
7438609
7438548
7438623
7438499
7438517
7438613
7438508
7438483
7438545
7438565
7438567
7438481
7438635
7438473
7438478
7438527
7438611
7438574
7438504
7438591
7706871
7438617
7438509
7438626
7438543
7438601
7438501
7438507
7438532
7438535
7438556
7438589
7438558
7438628
7438627
7438486
7438470
7438607
7438489
7438480
7438562
7438523
7438510
7438605
7438502
7438503
7438546
7438569
7438544
7438554
7438560
7438479
7438579
7438603
7438634
7438620
7438516
7438624
7438467
7438476
7438564
7438670
7438688
7438684
7438739
7438650
7438678
7438703
7438656
7438689
7438658
7438716
7438685
7438724
7438723
7438637
7438736
7438639
7438661
7438720
7438735
7438695
7438718
7438662
7438645
7438651
7438679
7438738
7438715
7438690
7438696
7438719
7438698
7438725
7438728
7438726
7438659
7438652
7438642
7438672
7438697
7438721
7438687
7438644
7438647
7438686
7438668
7438706
7438636
7438714
7438683
7782309
7438681
7438712
7438694
7438727
7438648
7438663
7438657
7438731
7438710
7438675
7438638
7438680
7438707
7438677
7438734
7438666
7438709
7438701
7438733
7438692
7438729
7438717
7438732
7438653
7438704
7438669
7438674
7438699
7438654
7438708
7438660
7438730
7438722
7438737
7438676
7438655
7438641
7438640
7438691
7438673
7438646
7438705
7438667
7438671
7438700
7438682
7438713
7438711
7438649
7438702
