7821318
7821323
7821319
7821317
7821316
7821322
7821325
7821320
7821324
7821321
7821406
7821404
7821409
7821413
7821405
7821408
7821410
7821412
7821407
7821411
7821417
7821415
7821421
7821418
7821422
7821423
7821424
7821420
7821419
7821416
7821432
7821436
7821437
7821427
7821425
7821429
7821430
7821433
7821440
7821438
7821460
7821456
7821450
7821459
7821455
7821452
7821457
7821458
7821453
7821454
7821477
7821472
7821471
7821481
7821473
7821485
7821474
7821486
7821483
7821489
7821510
7821506
7821509
7821507
7821495
7821508
7821497
7821505
7821498
7821503
7821529
7821525
7821528
7821523
7821521
7821524
7821530
7821527
7821526
7821522
7821549
7821547
7821543
7821542
7821541
7821548
7821544
7821550
7821546
7821551
7821568
7821579
7821567
7821561
7821563
7821576
7821569
7821565
7821570
7821564
7821445
7821435
7821428
7821426
7821439
7821434
7821443
7821448
7821431
7821446
7821461
7821441
7821444
7821442
7821447
7821466
7821462
7821451
7821464
7821449
7821465
7821470
7821467
7821463
7821484
7821475
7821468
7821469
7821476
7821480
7821490
7821501
7821478
7821488
7821482
7821499
7821494
7821479
7821492
7821487
7821515
7821504
7821502
7821496
7821500
7821513
7821518
7821491
7821514
7821493
7821516
7821532
7821520
7821512
7821511
7821517
7821531
7821519
7821534
7821533
7821539
7821535
7821536
7821537
7821538
7821555
7821559
7821553
7821540
7821552
8081226
8081228
8081227
8081229
8081225
8081230
8089135
7821545
7821558
7821557
7821571
7821577
7821566
7821560
7821574
7821554
7821556
8084211
8089133
8089134
8084622
8114285
8089132
7821578
7821580
7821572
7821575
7821562
7821588
7821593
7821594
7821586
7821573
7821587
7821584
7821585
7821589
7821598
7821599
7821590
7821592
7821597
7821600
8102608
7821583
7821596
7821581
7821595
7821606
7821607
7821604
7821591
7821582
7821609
7821605
7821608
7821602
7821601
7821610
7821617
7821603
7821613
7821618
7821614
8114653
7821612
7821622
7821616
7821615
7821627
7821624
7821619
7821625
7821628
8130741
7821611
8122939
7821620
7821634
7821623
7821633
7821621
7821626
7821639
7821685
7821635
7821630
7821644
7821636
7821637
7821632
7821642
7821629
7821684
7821631
7821643
7821647
7821641
7821651
7821646
7821640
7821683
7821638
7821645
7821654
7821650
7821657
7821652
7821679
7821649
7821663
7821660
7821648
7821653
7821662
7821655
7821659
8151972
8174660
7821666
7821669
7821656
7821687
7821658
7821670
7821672
7821664
7821668
7821661
8174656
7821677
7821671
7821680
7821667
7821686
7821674
7821676
7821673
7821665
7821681
7823213
7823207
7823211
7823215
7823208
7823212
7823217
7823210
7823209
7823214
7823203
7823206
7823218
7823198
7823200
7823205
7823216
7823204
7823202
7823219
7823190
7823197
7823194
7823191
7823201
7823199
7823196
7823195
7823189
7823193
7823182
7823185
7823181
7823184
7823188
7823187
7823180
7823183
7823192
7823186
7823171
7823172
7823178
7823173
7823170
7823174
7823177
7823179
7823176
7823175
7823130
7823139
7823131
7823136
7823137
7823138
7823134
7823133
7823132
7823135
7823140
7823148
7823146
7823145
7823147
7823142
7823144
7823141
7823149
7823143
7823159
7823152
7823151
7823155
7823156
7823153
7823154
7823157
7823158
7823150
7823163
7823166
7823164
7823161
7823169
7823167
7823168
7823162
7823160
7823165
