8245839
8245846
8245837
8245841
8245840
8245844
8245842
8245843
8245845
8245838
8245944
8245940
8245945
8245949
8245939
8245942
8245941
8245943
8245946
8245948
8245950
8245951
8245954
8245956
8245953
8245955
8245952
8245960
8245957
8245947
8245966
8245962
8245961
8245963
8245968
8245959
8245964
8245958
8245965
8245967
8245974
8245976
8245983
8245972
8245969
8245981
8245975
8245973
8245970
8245971
8245988
8245984
8245985
8245982
8245994
8245986
8245989
8245990
8245987
8245991
8245995
8245993
8246003
8245998
8246000
8246001
8245996
8245992
8245997
8245999
8246011
8246002
8246006
8246007
8246005
8246009
8246015
8246008
8246010
8246004
8246021
8246019
8246012
8246018
8246022
8246013
8246020
8246017
8246016
8246014
8246024
8246029
8246023
8246026
8246030
8246028
8246027
8246031
8246034
8246025
8246041
8246042
8246035
8246032
8246038
8246037
8246033
8246036
8246040
8246039
8246044
8246049
8246050
8246046
8246045
8246043
8246051
8246048
8246059
8246047
8488204
8246056
8246061
8246055
8246058
8246054
8246060
8246053
8246057
8246064
8246052
8246063
8246065
8246068
8246066
8246082
8246070
8246071
8246069
8246072
8246067
8246076
8246080
8246075
8246077
8246083
8246078
8246079
8246073
8246081
8246074
8515738
8246090
8246085
8246088
8246087
8246084
8246089
8246093
8246092
8246091
8246086
8517517
8246103
8246095
8246098
8246101
8246094
8246097
8246102
8246096
8246100
8246099
8246108
8246112
8246107
8246110
8246104
8246113
8246106
8246105
8246109
8246111
8246123
8246125
8246127
8246117
8246115
8246120
8246128
8246119
8246131
8246134
8246124
8246133
8246126
8246121
8246118
8246132
8246129
8246122
8246116
8246130
8246140
8246139
8246137
8246135
8246148
8246136
8246138
8246143
8246141
8246146
8246145
8246147
8246151
8246154
8246142
8246149
8246150
8246144
8246153
8246157
8246164
8246169
8246159
8246160
8246152
8246166
8246167
8246156
8246155
8246158
8246162
8246176
8246179
8246168
8246174
8246177
8246163
8246161
8246171
8246165
8246180
8246172
8246170
8246178
8246183
8246175
8246185
8246173
8246181
8246184
8246182
8246188
8246196
8246191
8246186
8246187
8246198
8246192
8246189
8246190
8246200
8246195
8246193
8246201
8246208
8246199
8246203
8246202
8246197
8246194
8246214
8246207
8246219
8246204
8246211
8246209
8246218
8246205
8246212
8246206
