8738500
8738502
8738494
8738499
8738501
8738497
8738503
8856073
8850701
8858170
8738542
8738535
8738531
8738528
8738541
8738537
8738543
8738538
8738539
8909435
8738562
8738557
8738555
8738554
8738558
8738563
8738552
8738553
8738560
8738536
8738548
8738547
8738572
8738549
8738551
8738574
8738575
8738550
8738545
8738546
8738567
8738569
8738565
8738566
8738571
8738570
8738573
8738556
8738568
8738576
8738559
8738564
8738517
8738526
8738561
8738534
8738529
8738533
8738527
8738532
8738525
8738530
8738521
8738522
8738544
8738520
8738519
8738518
8738523
8738524
8738608
8738615
8738622
8738627
8738623
8738605
8738610
8738606
8738618
9173040
8738745
8738614
8738727
8738590
8738594
8738737
8738740
8738735
8738604
9216939
8738714
8738730
8738728
8738731
8738720
8738726
8738725
8738713
8738709
8738721
8738743
8738710
8738750
8738753
8738755
8738749
8738754
8738757
8738758
9332599
8738685
8738739
8738746
8738742
8738738
8738752
8738751
8738741
8738680
8738687
8738671
8738676
8738686
8738679
8738681
8738682
8738683
8738669
8738673
8738674
8738704
8738706
8738677
8738707
8738708
8738712
8738700
8738678
8738699
8738675
8738697
8738692
8738691
8738696
8738693
8738684
8738689
8738701
8738705
8738640
8738648
8738642
8738637
8738653
8738656
8738644
8738638
8738631
8738645
8738654
8738625
8738636
8738670
8738672
8738661
8738619
8738660
8738668
8738632
8738630
8738664
8738667
8738650
8738657
8738666
8738662
8738665
8738659
8738663
8738655
8738585
8738592
8738597
8738596
8738593
8738586
8738598
8738658
8738591
8738579
8738583
8738580
8738584
8738581
8738621
8738620
8738626
8738582
8738578
9304444
8738624
8738611
8738600
8738609
8738612
8738616
8738607
8738613
8738589
9343516
8738729
8738747
8738732
8738601
8738595
8738736
8738602
8738733
8738723
9362861
8738718
8738722
8738748
8738715
8738711
8738716
8738719
8738724
8738734
8738717
8738884
8738886
8738889
8738888
8738880
8738882
8738885
8738881
8738893
8738887
8738878
8738873
8738871
8738868
8738867
8738875
8738870
8738857
8738876
8738874
8738872
8738858
8738864
8738861
8738869
8738862
8738860
8738859
8738866
8738865
8738879
8738895
8738863
8738883
8738894
8738892
8738890
8738896
8738891
8738877
8738694
8738641
8738688
8738649
8738702
8738695
8738703
8738698
8738690
8738652
8738634
8738639
8738635
8738629
8738647
8738643
8738646
8738628
8738633
8738651
8738844
8738851
8738838
8738803
8738796
8738852
8738829
8738814
8738848
8738843
8738825
8738840
8738835
8738830
8738834
8738839
8738837
8738766
8738821
8738826
8738771
8738778
8738773
8738765
8738777
8738767
8738761
8738784
8738774
8738772
8738764
8738797
8738759
8738789
8738788
8738762
8738802
8738760
8738800
8738763
8738804
8738795
8738781
8738793
8738791
8738792
8738794
8738790
8738776
8738787
8738780
8738806
8738815
8738813
8738810
8738816
8738817
8738822
8738809
8738808
8738842
8738798
8738799
8738811
8738846
8738805
8738812
8738801
8738807
8738850
8738849
8738832
8738833
8738836
8738831
8738828
8738847
8738841
8738845
8738824
8738770
8738779
8738775
8738769
8738782
8738783
8738823
8738768
8738820
8738827
