9594634
9594641
9594642
9595126
9594643
9594635
9595200
9594638
9594640
9594630
9595237
9594644
9595259
9594646
9594645
9595188
9594639
9595196
9594637
9595142
9595233
9595232
9595236
9595166
9595202
9595177
9595152
9595268
9595137
9595134
9799261
9595155
9595135
9595265
9595193
9595255
9595149
9595261
9595226
9595205
9595242
9595217
9594602
9595150
9595140
9595244
9595167
9595139
9594600
9594606
9595241
9594617
9594594
9594613
9594608
9594601
9594599
9594618
9594604
9594598
9594607
9594586
9594609
9594588
9594581
9594582
9594605
9594603
9594584
9594583
9594587
9594595
9594592
9594597
9594585
9594580
9594591
9594589
9594626
9594596
9594593
9594623
9594619
9594632
9594633
9594621
9594625
9594615
9594624
9594622
9594628
9594616
9595133
9594620
9594612
9594629
9594611
9594610
9594627
9594614
9594631
9594811
9594825
9594805
9594820
9594818
9594799
9594828
9594813
9594838
9594815
9594683
9594677
9594694
9594810
9594688
9594685
9594681
9594704
9594687
9594693
9611306
9611302
9611300
9611319
9611308
9611303
9611305
9611301
9611304
9611307
9594697
9594705
9594654
9594710
9594703
9594699
9594666
9594662
9594708
9594692
10097623
9594651
9594647
9594673
9594663
9594675
9594661
9594648
9594679
9594672
9594649
9594665
9594744
9594734
9594670
9594733
9594668
9594746
9594738
9594742
9594735
9594767
9594761
9594752
9594737
9594755
9594759
9594750
9594754
9594756
9594739
9594713
9594719
9594712
9594721
9594718
9594711
9594731
9594729
9594732
9594716
9594786
9594728
9594725
9594726
9594787
9594785
9594747
9594723
9594807
9594779
10056696
9594784
9594794
9594791
9594782
9594780
9594793
9594796
9594798
9594789
9594797
10062932
10062934
10056694
9594769
9594762
9594770
9594766
9594772
9594792
9594788
9594765
9594777
9594775
9594773
9594783
9594771
9594774
9594795
9594781
9594776
9594830
9594842
9594834
9594826
9594855
9594827
9594822
9594823
9594841
9594836
9594832
9594833
9594829
9594800
9594790
9594808
9594802
9594835
9594837
9594806
9594831
9594801
9594803
9594821
9594814
9594817
9594809
9594819
9594689
9594816
9594812
9594804
9594824
9594707
9594727
9594702
9594682
9594690
9594695
9594684
9594691
9594709
9594680
9594698
9594717
9594656
9594652
9594714
9594676
9594660
9594659
9594701
9594700
9594674
9594678
9594667
9594664
9594653
9594655
9594696
9594686
9594671
9594650
9594778
9594741
9594736
9594730
9594669
9594740
9594745
9594743
9594758
9594768
9594751
9594760
9594720
9594764
9594753
9594748
9594722
9594724
9594763
9594757
9594887
9594912
9594870
9594917
9594882
9594898
9594867
9594883
9594885
9594891
9594854
9594848
9594886
9594869
9594899
9594861
9594859
9594856
9594889
9594862
9594864
9594874
9594878
9594860
9594852
9594857
9594894
9594858
9594872
9594868
9594839
9594863
9594866
9594875
9594916
9594845
9594846
9594843
9594844
9594849
9594907
9594840
9594910
9594922
9594900
9594850
9594905
9594847
9594919
9594853
9594903
9594895
9594909
9594897
9594902
9594924
9594911
9594913
9594915
9594914
9594921
9594908
9594890
9594880
9594873
9594896
9594879
9594877
9594876
9594888
9594892
9594904
9594881
9594893
9594906
9594865
9594918
9594884
9594901
9594920
