10389868
10390072
10389940
10389939
10389840
10389860
10390108
10389844
10389852
10389849
10389948
10389920
10389927
10389947
10389949
10389928
10389856
10389851
10389864
10389962
10648386
10390066
10389861
10389929
10389955
10389863
10389977
10389875
10389872
10389857
10390076
10389879
10389953
10390133
10389865
10389986
10390046
10389987
10389933
10389995
10390087
10389975
10389885
10390000
10390115
10390047
10389952
10390026
10389994
10389968
10389905
10389941
10390079
10390045
10390036
10389915
10389922
10389936
10389964
10389902
10390070
10389878
10390129
10390058
10389960
10390062
10390030
10389991
10389897
10390021
10389965
10389909
10390082
10390001
10389944
10389919
10390025
10389966
10389887
10389937
10389871
10390006
10390041
10390122
10390119
10389901
10389982
10389870
10389921
10389985
10390012
10390061
10390134
10390022
10390131
10390038
10389938
10390048
10389950
10389974
10389958
10389874
10389999
10390005
10389980
10389990
10389972
10389893
10389891
10389918
10390069
10389903
10390004
10390065
10390035
10389992
10390050
10389963
10390024
10389956
10390031
10390089
10390121
10390067
10390073
10389932
10389961
10390063
10389976
10389946
10390077
10389981
10390059
10390124
10390028
10389983
10390032
10389892
10389954
10389997
10389881
10389993
10389942
10389970
10389998
10389951
10389930
10389926
10389943
10389896
10389911
10389914
10389967
10390057
10390002
10390071
10390074
10389959
10389882
10390051
10389969
10390039
10390042
10390125
10389971
10390008
10390084
10390027
10390117
10390060
10390023
10390078
10389988
10389945
10389984
10389913
10389989
10390007
10389880
10389900
10389924
10390098
10390094
10390109
10390097
10390101
10390103
10390102
10390088
10390095
10390132
10390052
10390080
10390118
10390013
10390003
10389957
10390053
10389973
10390029
10390010
10390126
10390107
10390040
10390105
10390085
10390064
10390068
10390127
10390130
10390116
10389720
10389726
10389774
10389718
10390033
10390120
10389728
10389721
10389777
10389725
10389816
10389808
10389735
10389817
10389790
10390086
10389730
10389819
10389724
10389780
10389740
10389733
10389729
10389731
10389788
10390123
10389739
10389830
10389978
10389732
10390037
10389737
10389743
10389741
10389794
10389736
10389746
10389750
10389742
10389828
10389798
10389810
10389759
10389813
10389792
10389753
10389745
10389839
10389836
10389747
10389749
10389751
10389769
10390083
10389850
10389820
10389752
10389761
10389853
10389765
10389815
10389767
10389758
10389766
10389763
10389757
10390009
10389768
10390043
10389829
10390106
10389858
10389762
10389776
10389826
10389760
10389866
10389775
10389859
10389833
10389782
10389867
10389876
10389772
10389764
10389886
10389842
10389771
10389770
10389773
10389784
10389789
10389785
10389779
10389781
10389791
10389848
10389847
10389783
10390128
10389778
10389869
10389904
10389803
10389795
10389888
10390075
10389934
10389895
10389855
10389979
10389811
10389824
10389916
10389854
10389823
10389907
10389908
10389877
10389838
10390049
10389804
10389802
10389884
10389812
10389818
10389923
10389832
10389899
10389831
10389787
10389796
10389917
10389821
10389883
10389799
10389862
10389906
10389800
10389925
10389846
10390034
10389912
10389822
10389786
10389801
10389873
10389910
10389837
10389827
10389814
10389825
10389841
10389845
10390081
10390044
10389835
10389793
10389805
10389931
10389809
10389834
10389894
10389898
10389843
10390011
10389797
10389806
10389807
10389935
