11391102
11391097
11391105
11391088
11391089
11391092
11391090
11391106
11391087
11392887
11392893
11392898
11392894
11392890
11392896
11392892
11392895
11392891
11392881
11392885
11392889
11392886
11392882
11392880
11392888
11392884
11392883
11392874
11392869
11392877
11392879
11392873
11392878
11392872
11392875
11392876
11392871
11392870
11392862
11392865
11392864
11392868
11392863
11392866
11392867
11392860
11392858
11392852
11392855
11392856
11392859
11392854
11392861
11392857
11392853
11392846
11392848
11392845
11392841
11392847
11392850
11392849
11392851
11392840
11392835
11392836
11392839
11392844
11392838
11392843
11392837
11392842
11842698
11392825
11392834
11392828
11392833
11392830
11392827
11392832
11392831
11392829
11392821
11392822
11392820
11392817
11392824
11392819
11392818
11392826
11392823
11815217
11392816
11392810
11392813
11392812
11392808
11392814
11392815
11392811
11392809
11392807
11391450
11391451
11392806
11391448
11391447
11391452
11391446
11391449
11820586
11392805
11391433
11392804
11391432
11392802
11391436
11391434
11392803
11392801
11391440
11391439
11391442
11391443
11391438
11391444
11391435
11391441
11391437
11391430
11391424
11391445
11391427
11391429
11391428
11391453
11391426
11391425
11391407
11391413
11391410
11391409
11391423
11391416
11391431
11391419
11391412
11391422
11391391
11391420
11391418
11391414
11391415
11391397
11391421
11391417
11391400
11391402
11391399
11391401
11391406
11391404
11391408
11391405
11391403
11391386
11391387
11391384
11391389
11391388
11391385
11391390
11391383
11391411
11391392
11391393
11391372
11391394
11391396
11391369
11391395
11391374
11391398
11391373
11391380
11391370
11391381
11391375
11391376
11391371
11391379
11391377
11391355
11391358
11391359
11391378
11391353
11391360
11391382
11391357
11391361
11391344
11391366
11391363
11391368
11391345
11391367
11391364
11391362
11391365
11391340
11391346
11391347
11391342
11391348
11391352
11391351
11391337
11391350
11391331
11391330
11391332
11391356
11391333
11391336
11391354
11391329
11391321
11391335
11391338
11391343
11391324
11391339
11391341
11391349
11391334
11391325
11391315
11391322
11391316
11391317
11391319
11391327
11391323
11391318
11391320
11391302
11391303
11391326
11391308
11391306
11391305
11391328
11391301
11391304
11391312
11391314
11391291
11391310
11391288
11391313
11391311
11391309
11391307
11391294
11391295
11391293
11391298
11391296
11391289
11391297
11391292
11391290
11391270
11391280
11391281
11391278
11391276
11391263
11391300
11391299
11391272
11391268
11391259
11391287
11391286
11391269
11391284
11391261
11391285
11391279
11391273
11391283
11391277
11391256
11391264
11391267
11391271
11391275
11391258
11391254
11391265
11391282
11391257
11391274
11391255
11391262
11391260
11391266
