3427384
3427376
3427368
3427378
3427382
3427386
3427372
3427390
3427374
3582700
3428828
3428834
3428830
3428824
3428832
3428822
3428818
3428820
3428826
3428840
3428850
3428836
3428848
3428846
3428844
3428842
3428852
3428838
3428864
3428862
3428854
3428856
3428858
3428868
3428870
3428866
3428860
3428888
3428878
3428876
3428872
3428886
3428882
3428884
3428880
3428874
3428906
3428890
3428900
3428894
3428898
3428892
3428904
3428896
3428902
3428914
3428912
3428918
3428910
3428924
3428920
3428922
3428908
3428916
3428932
3428930
3428926
3428928
3428936
3428938
3428940
3428934
3428942
3428952
3428948
3428958
3428950
3428960
3428954
3428946
3428956
3428944
3428972
3428976
3428964
3428966
3428974
3428968
3428962
3428978
3428970
3428996
3428986
3428984
3428994
3428980
3428982
3428988
3428990
3428992
3429010
3429008
3428998
3429014
3429012
3429004
3429000
3429002
3429006
3429028
3429022
3429026
3429018
3429030
3429016
3429020
3429024
3429032
3429038
3429036
3429046
3429040
3429044
3429042
3429048
3429034
3429050
3429060
3429058
3429056
3429054
3429068
3429052
3429064
3429062
3429066
3429078
3429080
3429074
3429072
3429076
3429084
3429070
3429082
3429086
3429104
3429100
3429096
3429094
3429098
3429102
3429092
3429090
3429088
