7458821
7458824
7458820
7458817
7458822
7458823
7458818
7458819
7459761
7459755
7459767
7459756
7459754
7459758
7459764
7459765
7459757
7459762
7459768
7459759
7459763
7459766
7459760
7459753
7459777
7459770
7459773
7459784
7459782
7459779
7459780
7459769
7459775
7459772
7459778
7459771
7459781
7459776
7459783
7459774
7459798
7459827
7459856
7459799
7459844
7459818
7459817
7459863
7459825
7459855
7459800
7459832
7459785
7459862
7459812
7459851
7459829
7459796
7459849
7459833
7459858
7459809
7459789
7459807
7459824
7459860
7459790
7459854
7459808
7459814
7459828
7459788
7459837
7459843
7459820
7459857
7459823
7459846
7459845
7459801
7459865
7459793
7459797
7459847
7459805
7459822
7459859
7459787
7459840
7459811
7459838
7459821
7459815
7459841
7459861
7459826
7459853
7459795
7459804
7459786
7459842
7459813
7459864
7459802
7459792
7459839
7459810
7459819
7459831
7459830
7459816
7459806
7459866
7459848
7459794
7459803
7459852
7459850
7459836
7459791
