8544429
8544372
8544374
8544354
8544446
8544348
8544453
8560859
8544331
8544389
8544461
8544365
8544359
8544347
8544400
8544431
8560862
8957141
8560864
8544343
8544329
8544412
8544369
8544352
8544341
8544375
8544333
8560863
8544363
8544351
8544344
8544330
8544419
8544364
8544350
8902886
8544368
8544462
8544337
8544357
8560865
8544342
8544340
8544326
8544353
8544349
8544444
8544325
8544381
8560860
8544413
8544440
8544383
8544376
8544366
8544426
8560868
8544452
8544339
8544423
8544328
8544454
8902865
8544356
8560861
8544336
8544411
8544379
8902864
8902882
8902866
8902883
8902875
8902874
8902877
8902879
8902872
8902880
8902873
8902878
8902876
8974826
8974836
8974827
8974830
8974839
8974831
8974834
8974835
8974825
8974838
8974840
8974833
8974824
8974822
8974828
8974829
8974832
8974837
9003847
9003844
9003845
9003841
9003842
9003843
9003846
9003849
9003848
9157007
9003860
9003859
9003858
9003856
9003862
9003864
9003863
9003857
9003861
9038046
9038041
9038039
9038040
9038047
9038045
9038043
9038044
9038042
9038056
9038057
9038051
9038052
9038054
9038050
9038055
9038058
9038053
9109099
9109101
9109103
9109105
9109100
9109102
9109098
9109097
9109104
9146799
9135410
9135409
9135408
9135405
9135406
9135403
9135404
9135402
9135407
9156402
9156401
9156405
9156410
9156403
9156407
9156406
9156409
9156411
9166524
9166521
9166517
9166519
9166520
9166523
9166516
9166518
9166522
9168602
9168604
9168608
9168605
9168610
9168603
9168606
9168609
9168634
9193880
9193881
9193882
9193883
9193885
9193884
9193886
9193887
9193888
9227180
9204583
9204578
9204577
9204580
9204579
9204581
9204575
9204576
9204582
9227181
9227182
9215327
9215329
9215330
9215333
9215328
9215334
9225617
9215332
9215331
9250777
9287918
9287919
9224416
9225084
9225231
9225253
9225254
9225256
9225255
9227152
9287915
9287917
9287928
9227156
9227158
9227164
9227155
9235221
9227153
9227151
9227149
9227148
9287920
9303825
9227147
9227162
9227161
9227165
9227157
9227154
9227159
9227146
9227150
9287916
9287921
9251713
9251707
9251708
9251714
9251711
9251712
9251709
9251710
9312596
9251959
9251951
9251953
9251952
9251954
9251972
9251965
9251960
9287926
9251966
9251958
9251956
9251969
9251964
9251957
9251955
9251973
9287925
9251971
9251970
9251968
9251963
9251962
9251961
9251974
9251967
9305534
9251990
9251988
9251987
9251989
9251991
9251994
9251993
9251992
9251986
9317987
9317988
9317993
9317985
9317991
9317992
9317990
9317989
9317986
9318003
9318001
9318000
9318002
9318004
9317997
9317998
9317999
9317996
9339607
9339608
9339611
9339610
9339613
9339609
9339614
9339612
9339633
