9418307
9418308
9418304
9418306
9418301
9418305
9418302
9418303
9420777
9420774
9420770
9420773
9420771
9420779
9420778
9420772
9454055
9454056
9454054
9454068
9454065
9454066
9454072
9454064
9463003
9463007
9463006
9463009
9463008
9463004
9463010
9463005
9475667
9475665
9475670
9475664
9475668
9475666
9475669
9475671
9549965
9489786
9489784
9489778
9489781
9489776
9489777
9489774
9489773
9489772
9489779
9489775
9489780
9489785
9489783
9489787
9489782
9506408
9506360
9506418
9506401
9506378
9506365
9506421
9506368
9506406
9506396
9506382
9506395
9506403
9506390
9506397
9506392
9506415
9506383
9506376
9506413
9506388
9506424
9506411
9506385
9506426
9506425
9506419
9506423
9506427
9506428
9506416
9506417
9506363
9506410
9506372
9506407
9506357
9506412
9506370
9506414
9506366
9506350
9506352
9506351
9506362
9506356
9506358
9506359
9506349
9506389
9506386
9506379
9506353
9506377
9506354
9506355
9506367
9506384
9506381
9506374
9506375
9506369
9506387
9506371
9506405
9506409
9506364
9506373
9506420
9506361
9506380
9506422
9506394
9506391
9506402
9506393
9506404
9506400
9506399
9506398
9712756
9712717
9712743
9712727
9712829
9712731
9712745
9712568
9764273
9712726
9712562
9712719
9712832
9712554
9712835
9712833
9712558
9743452
9743453
9712549
9712834
9712550
9712697
9712830
9712759
9712548
9712688
9712682
9712748
9712555
9712537
9712696
9712535
9712545
9712541
9712534
9712524
9712750
9712542
9712747
9712522
9712540
9712685
9712538
9712754
9712531
9712532
9712528
9712533
9712530
9712525
9712526
9712523
9712529
9712539
9712711
9712753
9712705
9712527
9712752
9712712
9712742
9712724
9712683
9712744
9712702
9712704
9712693
9712560
9712751
9712741
9712536
9712684
9712689
9712722
9712687
9712725
9712735
9712700
9712556
9712690
9712686
9712691
9712553
9712713
9712695
9712709
9712703
9712749
9712734
9712728
9712729
9712707
9712739
9712708
9712552
9712543
9712736
9712831
9712692
9712706
9712732
9712740
9712737
9712836
9712546
9712551
9927907
9712701
9712694
9712758
9712547
9712733
9712544
9712698
9712710
9712567
9712723
9712557
9712839
9712714
9712699
9712563
9712757
9712746
9712837
9712720
9712565
9712755
9712566
9712730
9712716
9712721
9712559
9712715
9712564
9712738
9712718
9712561
9712838
