10100334
10100335
10100352
10100326
10100338
10100333
10100330
10100329
10100341
10100337
10100340
10100344
10100339
10100342
10100372
10100336
10100345
10100351
10100353
10100343
10100374
10100354
10100346
10100348
10100332
10100327
10100347
10100349
10100328
10100350
10100331
10100373
10100364
10100356
10100365
10100371
10100396
10100397
10100358
10100355
10100390
10100393
10100394
10100360
10100395
10100361
10100357
10100363
10191335
10100370
10100359
10100391
10100367
10100362
10100647
10100493
10100369
10100709
10100639
10100574
10100573
10100617
10100591
10100576
10100582
10100572
10100579
10100571
10100569
10100595
10100600
10100707
10100599
10100598
10100593
10100585
10100575
10100703
10100589
10100612
10100678
10100568
10100588
10100609
10100578
10100580
10100601
10100596
10100567
10275370
10100604
10100646
10100562
10100565
10100625
10100587
10100563
10100610
10100584
10100611
10100564
10100602
10100560
10100590
10100566
10100586
10100603
10100594
10100615
10100581
10100583
10100607
10100608
10100592
10100577
10100649
10100570
10100597
10100624
10100622
10100605
10100616
10100751
10100514
10100544
10100785
10100506
10100704
10100892
10100896
10100942
10100627
10100901
10100509
10100787
10100947
10100946
10100945
10701322
10100712
10100710
10100623
10100711
10100733
10100715
10100995
10100897
10100510
10100802
10100546
10100738
10100724
10100543
10100784
10100943
10100719
10100903
10100899
10100512
10100948
10100505
10100645
10100614
10100522
10100683
10100513
10100708
10100517
10100520
10100891
10100731
10100894
10100804
10100503
10100950
10100949
10100511
10100732
10100793
10100515
10100944
10100718
10100734
10101135
10100518
10101084
10100626
10100516
10100747
10100744
10101136
10100938
10100726
10100713
10100540
10100706
10100545
10100898
10100550
10100519
10100644
10100502
10100714
10100994
10100723
10100508
10100941
10100893
10100790
10100750
10100939
10733057
10100902
10100705
10100725
10100748
10100740
10100786
10100640
10744914
10101086
10100618
10101085
10100749
10100727
10100752
10100721
10100720
10100993
10100791
10100613
10100504
10100501
10100940
10100717
10101096
10100507
10100552
10100900
10100895
10100996
10100606
10101131
10100935
