10961576
10961577
10961575
10961574
10961572
10961571
10961573
10961578
10961585
10961582
10961584
10961583
10961586
10961581
10961579
10961580
10961588
10961592
10961590
10961591
10961587
10961589
10961593
10961594
11046372
10961598
10961599
10961602
10961600
10961597
10961595
10961601
10961596
11157532
11157533
10961605
10961608
10961610
10961609
10961604
10961603
10961607
10961606
10961615
10961611
10961614
10961616
10961612
10961618
10961613
10961617
11081927
11157607
10961622
10961624
10961626
10961620
10961625
10961621
10961744
10961623
10961629
10961633
10961634
10961630
10961627
10961631
10961632
10961628
11157608
10961637
10961635
10961642
10961638
10961641
10961639
10961636
10961640
10961645
10961765
10961646
10961643
10961649
10961650
10961644
10961647
10961654
10961653
10961657
10961651
10961655
10961652
10961658
10961656
10961660
10961663
10961662
10961659
10961664
10961661
10961666
10961665
11304500
11354485
11389835
10961669
10961671
10961672
10961674
10961668
10961667
11215755
10961673
10961670
10961680
10961677
10961681
10961676
10961675
10961682
10961678
10961679
10961686
10961688
10961685
10961683
10961687
11215758
10961690
10961684
10961689
10961695
10961691
10961694
10961697
10961698
10961692
10961696
10961693
11546992
10961699
10961706
10961705
10961702
10961703
10961704
10961701
10961700
10961707
10961712
10961711
10961708
10961709
10961714
10961710
10961713
11462162
10961717
10961722
10961721
10961716
10961718
10961715
10961719
10961720
10961726
10961725
10961728
10961727
10961724
10961723
10961730
10961729
10961736
10961731
10961733
10961738
10961732
10961735
10961737
10961734
10961619
10961741
10961739
10961743
10961742
10961746
10961745
11095585
10961740
11606044
11606043
11741869
10961748
10961749
10961747
10961754
10961753
10961750
10961752
10961751
10961760
10961758
10961761
10961756
10961762
10961755
10961759
10961757
10961648
11196261
10961767
10961764
10961770
10961766
10961763
10961769
10961768
10961778
10961773
10961772
10961774
10961775
10961776
10961771
10961777
11741870
10961784
10961779
10961782
10961783
10961786
10961785
10961781
10961780
11794952
10961791
10961790
10961792
10961788
10961789
10961787
10961793
10961794
10961797
10961799
10961801
10961796
10961800
10961795
10961798
10961802
10961803
10961808
10961805
10961807
10961806
10961809
10961804
10961810
