7834710
7834709
7834707
7834706
7834708
7834649
7834651
7834711
7834655
7834650
7834646
7834647
7834652
7834654
7834648
7834653
7834640
7834644
7834642
7834637
7834641
7834639
7834645
7834643
7834633
7834629
7834634
7834636
7834632
7834627
7834630
7834638
7834628
7834622
7834626
7834631
7834635
7834625
7834620
7834618
7834623
7834614
7834607
7834624
7834619
7834617
7834621
7834616
7834612
7834609
7834611
7834613
7834610
7834606
7834608
7834615
7834600
7834604
7834602
7834605
7834599
7834603
7834598
7834601
7834597
7834591
7834594
7834595
7834593
7834592
7834590
7834596
7834584
7834587
7834583
7834585
7834582
7834579
7834586
7834588
7834572
7834576
7834574
7834577
7834580
7834569
7834581
7834578
7834571
7834570
7834559
7834561
7834566
7834567
7834573
7834575
7834563
7834558
7834560
7834562
7834565
7834564
7834568
7834552
7834556
7834554
7834550
7834553
7834549
7834557
7834555
7834551
7829743
7829744
7829746
7829739
7829741
7829740
7829742
7829745
7712241
7712232
7712236
7712237
7712242
7712243
7712233
7712235
7712238
7712231
7712240
7712230
7712234
7712229
7712239
7712226
7712224
7712221
7712222
7712223
7712215
7712228
7712227
7712225
7712216
7712212
7712220
7712214
7712219
7712217
7712218
7712213
7712209
7712207
7712206
7712204
7712203
7712210
7712211
7712208
7712201
7712195
7712205
7712196
7712202
7712200
7712194
7712197
7712199
7712191
7712187
7712198
7712192
7712189
7712193
7712244
7712185
7712182
7712188
7712186
7712184
7712183
7712190
7712181
7712174
7712172
7712179
7712173
7712177
7712178
7712175
7712180
7712171
7712163
7712169
7712168
7712176
7712166
7712167
7712170
7712158
7712157
7712164
7712162
7712159
7712160
7712165
7712161
7704353
7704351
7704352
7704354
7704348
7704349
7704346
7704347
7704335
7704332
7704334
7704331
7704337
7704343
7704345
7704350
7704333
7704330
7704336
7704340
7704344
7704341
7704338
7704339
7700062
7700737
7700738
7700739
7701305
7701559
7701582
7703280
