1577035
1577036
1573453
1575466
1573454
1575467
1573257
1573256
1573259
1573258
8109271
1490796
1490803
1490798
1490804
1490801
1490799
1490797
1490802
1490800
1490793
1490788
1490792
1490790
1490789
1490787
1490791
1490795
1490794
1490782
1490781
1490780
1490778
1490783
1490786
1490784
1490779
1490785
1490777
1490769
1490775
1490770
1490774
1490771
1490773
1490776
1490772
1490768
1490761
1490762
1490766
1490764
1490760
1490765
1490767
1490763
1490756
1490758
1490752
1490757
1490754
1490751
1490753
1490755
1490759
1490745
1490742
1490746
1490750
1518637
1490743
1490749
1490747
1490744
1490735
1490736
1490733
1490738
1490737
1490740
1490739
1490741
1490734
1490732
1490724
1490728
1490731
1490729
1490726
1490727
1490730
1490725
1490716
1490718
1490722
1490719
1490715
1490721
1490723
1490717
1490720
1490710
1490708
1490714
1490712
1490709
1490711
1490707
1490713
1490706
1453373
1453511
1453513
1453515
1453512
1453514
1453516
1490652
1453371
1453366
1453369
1453365
1453364
1453363
1453367
1453370
1453368
1453362
1453352
1453353
1453354
1453356
1453357
1453359
1453358
1453355
1453361
1433927
1433923
1433929
1433930
1433931
1433926
1433924
1433925
1433928
1433920
1433914
1433919
1433917
1433915
1433916
1433918
1433921
1467442
1433861
1433910
1433863
1433911
1433912
1433860
1433913
1437111
1433909
1279544
1279540
1279541
1279547
1279542
1279546
1279539
1279543
1279545
1279614
1279611
1279615
1279618
1279613
1279616
1279619
1279617
1279612
1279535
1279530
1279536
1279532
1279533
1279531
1279537
1279538
1279534
1279605
1279603
1279602
1279604
1279608
1279609
1279606
1279610
1279607
1279525
1279527
1279529
1279521
1279524
1279522
1279528
1279526
1279523
1279595
1279597
1279594
1279601
1279593
1279600
1279599
1279596
1279598
1279519
1279518
1279513
1279516
1279514
1279515
1279520
1279517
1399915
1279592
1279584
1279588
1279586
1279589
1279591
1279587
1279590
1279585
1279505
1279509
1279504
1279511
1279503
1279508
1279506
1279510
1279507
1279578
1279579
1279575
1279582
1279580
1279576
1279581
1279577
1279583
1322394
1322395
1322396
1322411
1322412
1342149
1399914
1399913
1399910
1279574
1279567
1279571
1279566
1279570
1279568
1279573
1279569
1279572
1279493
1279485
1279491
1279487
1279492
1279489
1279490
1279488
1279486
1279558
1279562
1279565
1279564
1279561
1279557
1279560
1279559
1279563
1279482
1279479
1279483
1279477
1279481
1279484
1279480
1279476
1279478
1279556
1279550
1279554
1279553
1279551
1279555
1279548
1279552
1279549
1277554
1277560
1277558
1277559
1277561
1277557
1277556
1277562
1284348
