8504755
8504747
8290270
8290285
8290300
8290269
8290328
8290292
8290264
8290263
8290262
8290265
8290277
8290268
8290289
8290266
8290276
8290267
8290246
8290245
8290242
8290249
8290273
8290286
8290284
8290283
8290247
8290256
8290258
8290253
8290251
8290254
8290240
8290248
8290216
8290217
8290218
8290211
8290250
8290261
8290255
8290252
8290232
8290236
8290220
8290231
8290227
8290226
8290224
8290221
8290190
8290193
8290196
8290189
8290244
8290243
8290237
8290230
8289215
8289210
8289213
8289209
8289208
8289214
8289212
8289211
8289207
8289202
8289201
8289199
8289204
8289205
8289198
8289196
8115583
8115591
8115598
8115575
8115577
8115571
8115603
8115593
8115573
8115596
8115585
8115602
8115576
8115581
8115586
8235538
8115579
8115594
8115587
8115588
8115584
8115570
8115601
8115595
8115574
8115580
8115567
8115592
8115590
8115582
8115572
8115578
8115569
8115560
8115561
8115556
8115563
8115555
8115557
8115558
8115546
8115544
8115547
8115553
8115550
8115554
8115568
8115559
8115549
8115539
8115566
8115533
8115548
8115543
8115542
8115551
8115535
8115536
8115532
8115523
8115538
8115540
8115537
8115534
8115527
8115529
8115524
8115528
8115526
8115525
8115522
8115565
8115516
8115518
8115517
8115564
8115514
8115530
8115519
8235537
8115562
8115513
8115509
8115515
8115507
8115511
8115521
8115510
8115512
8115504
8115508
8115500
8115552
8115505
8115499
8115506
8115488
8115498
8115497
8115496
8115502
8115503
8115501
8170988
8115493
8115541
8115490
8115486
8115489
8115491
8115492
8115487
8115531
8115485
8115483
8115482
8115480
8115494
8115484
8115481
